Iteration	Loss (h)	Total Cost (f)	Cost g
1	0.8307448029518127	0.8307448029518127	0
2	0.6606082320213318	0.49047166109085083	-0.17013657093048096
3	0.5191797018051147	0.20761460065841675	-0.311565101146698
4	0.44089174270629883	0.05103868246078491	-0.3898530602455139
5	0.4310356378555298	0.031326472759246826	-0.39970916509628296
6	0.4290542006492615	0.027363598346710205	-0.40169060230255127
7	0.4280991554260254	0.025453507900238037	-0.40264564752578735
8	0.427255779504776	0.023766756057739258	-0.40348902344703674
9	0.42600420117378235	0.021263599395751953	-0.4047406017780304
10	0.4246528744697571	0.018560945987701416	-0.40609192848205566
11	0.42369338870048523	0.016641974449157715	-0.4070514142513275
12	0.42320722341537476	0.015669643878936768	-0.407537579536438
13	0.42175400257110596	0.01276320219039917	-0.4089908003807068
14	0.42118731141090393	0.011629819869995117	-0.4095574915409088
15	0.42078539729118347	0.0108259916305542	-0.4099594056606293
16	0.42035871744155884	0.009972631931304932	-0.4103860855102539
17	0.41994571685791016	0.009146630764007568	-0.4107990860939026
18	0.4195840656757355	0.008423328399658203	-0.41116073727607727
19	0.41920700669288635	0.007669210433959961	-0.4115377962589264
20	0.4187963306903839	0.006847858428955078	-0.41194847226142883
21	0.4184732437133789	0.006201684474945068	-0.41227155923843384
22	0.41805604100227356	0.005367279052734375	-0.4126887619495392
23	0.417683482170105	0.004622161388397217	-0.41306132078170776
24	0.4173631966114044	0.003981590270996094	-0.4133816063404083
25	0.4169416129589081	0.003138422966003418	-0.41380318999290466
26	0.4166076183319092	0.0024704337120056152	-0.41413718461990356
27	0.4162476062774658	0.0017504096031188965	-0.4144971966743469
28	0.4158642888069153	0.0009837746620178223	-0.41488051414489746
29	0.41556912660598755	0.0003934502601623535	-0.4151756763458252
30	0.41514262557029724	-0.0004595518112182617	-0.4156021773815155
31	0.4142942726612091	-0.0021562576293945312	-0.41645053029060364
32	0.41362035274505615	-0.0035040974617004395	-0.4171244502067566
33	0.4129614233970642	-0.004821956157684326	-0.41778337955474854
34	0.41218844056129456	-0.006367921829223633	-0.4185563623905182
35	0.41141819953918457	-0.007908403873443604	-0.4193266034126282
36	0.41069287061691284	-0.00935906171798706	-0.4200519323348999
37	0.410011351108551	-0.010722100734710693	-0.4207334518432617
38	0.40937283635139465	-0.011999130249023438	-0.4213719666004181
39	0.40859872102737427	-0.013547360897064209	-0.4221460819244385
40	0.4078526198863983	-0.015039563179016113	-0.42289218306541443
41	0.4071502685546875	-0.016444265842437744	-0.42359453439712524
42	0.40649065375328064	-0.017763495445251465	-0.4242541491985321
43	0.40587303042411804	-0.01899874210357666	-0.4248717725276947
44	0.40525302290916443	-0.020238757133483887	-0.4254917800426483
45	0.4046238958835602	-0.021497011184692383	-0.42612090706825256
46	0.40403297543525696	-0.022678852081298828	-0.4267118275165558
47	0.40339237451553345	-0.02396005392074585	-0.4273524284362793
48	0.40279296040534973	-0.02515888214111328	-0.427951842546463
49	0.40217846632003784	-0.02638787031173706	-0.4285663366317749
50	0.4015676975250244	-0.027609407901763916	-0.42917710542678833
51	0.40098243951797485	-0.028779923915863037	-0.4297623634338379
52	0.400360107421875	-0.030024588108062744	-0.43038469552993774
53	0.39977842569351196	-0.03118795156478882	-0.4309663772583008
54	0.39914023876190186	-0.03246432542800903	-0.4316045641899109
55	0.3984726369380951	-0.03379952907562256	-0.43227216601371765
56	0.39784032106399536	-0.03506416082382202	-0.4329044818878174
57	0.3972426652908325	-0.036259472370147705	-0.4335021376609802
58	0.3966386318206787	-0.03746753931045532	-0.43410617113113403
59	0.3960283100605011	-0.03868818283081055	-0.43471649289131165
60	0.3954520523548126	-0.0398406982421875	-0.4352927505970001
61	0.3948374092578888	-0.041069984436035156	-0.43590739369392395
62	0.39424848556518555	-0.04224783182144165	-0.4364963173866272
63	0.3936697840690613	-0.043405234813690186	-0.43707501888275146
64	0.39306819438934326	-0.04460841417312622	-0.4376766085624695
65	0.3925003707408905	-0.04574406147003174	-0.43824443221092224
66	0.39190956950187683	-0.04692566394805908	-0.4388352334499359
67	0.3913290798664093	-0.04808664321899414	-0.43941572308540344
68	0.39077380299568176	-0.04919719696044922	-0.439970999956131
69	0.3901805579662323	-0.050383687019348145	-0.44056424498558044
70	0.38962069153785706	-0.05150341987609863	-0.4411241114139557
71	0.3890548348426819	-0.052635133266448975	-0.44168996810913086
72	0.38848233222961426	-0.05378013849258423	-0.4422624707221985
73	0.38794249296188354	-0.054859817028045654	-0.4428023099899292
74	0.38736578822135925	-0.05601322650909424	-0.4433790147304535
75	0.3868134021759033	-0.057117998600006104	-0.4439314007759094
76	0.3862711787223816	-0.05820244550704956	-0.44447362422943115
77	0.38570621609687805	-0.05933237075805664	-0.4450385868549347
78	0.3851735293865204	-0.06039774417877197	-0.44557127356529236
79	0.38462069630622864	-0.06150341033935547	-0.4461241066455841
80	0.38407549262046814	-0.06259381771087646	-0.4466693103313446
81	0.3835575580596924	-0.06362968683242798	-0.44718724489212036
82	0.38299980759620667	-0.06474518775939941	-0.4477449953556061
83	0.3824739456176758	-0.06579691171646118	-0.44827085733413696
84	0.3819468319416046	-0.06685113906860352	-0.44879797101020813
85	0.3814084529876709	-0.06792789697647095	-0.44933634996414185
86	0.38090139627456665	-0.06894201040267944	-0.4498434066772461
87	0.38036566972732544	-0.07001346349716187	-0.4503791332244873
88	0.3798461854457855	-0.0710524320602417	-0.4508986175060272
89	0.37934550642967224	-0.07205379009246826	-0.4513992965221405
90	0.37881359457969666	-0.07311761379241943	-0.4519312083721161
91	0.3783125579357147	-0.0741196870803833	-0.452432245016098
92	0.3778036832809448	-0.0751374363899231	-0.4529411196708679
93	0.3772754967212677	-0.07619380950927734	-0.45346930623054504
94	0.37572789192199707	-0.0792890191078186	-0.4550169110298157
95	0.37494540214538574	-0.08085399866104126	-0.455799400806427
96	0.3742581605911255	-0.08222848176956177	-0.45648664236068726
97	0.37366822361946106	-0.08340835571289062	-0.4570765793323517
98	0.3725678324699402	-0.08560913801193237	-0.45817697048187256
99	0.37142810225486755	-0.08788859844207764	-0.4593167006969452
100	0.37045735120773315	-0.08983010053634644	-0.4602874517440796
101	0.36969271302223206	-0.09135937690734863	-0.4610520899295807
102	0.36888858675956726	-0.09296762943267822	-0.4618562161922455
103	0.36757323145866394	-0.09559834003448486	-0.4631715714931488
104	0.3667944669723511	-0.0971558690071106	-0.46395033597946167
105	0.36622658371925354	-0.09829163551330566	-0.4645182192325592
106	0.36567601561546326	-0.09939277172088623	-0.4650687873363495
107	0.3651157319545746	-0.10051333904266357	-0.46562907099723816
108	0.36431875824928284	-0.10210728645324707	-0.4664260447025299
109	0.3635273873806	-0.10369002819061279	-0.46721741557121277
110	0.36224350333213806	-0.10625779628753662	-0.4685012996196747
111	0.361420214176178	-0.10790437459945679	-0.46932458877563477
112	0.36079731583595276	-0.10915017127990723	-0.46994748711586
113	0.3601851463317871	-0.11037451028823853	-0.47055965662002563
114	0.35960033535957336	-0.11154413223266602	-0.4711444675922394
115	0.35904231667518616	-0.11266016960144043	-0.4717024862766266
116	0.35849881172180176	-0.11374717950820923	-0.472245991230011
117	0.3579346239566803	-0.11487555503845215	-0.47281017899513245
118	0.3573966324329376	-0.1159515380859375	-0.4733481705188751
119	0.35688427090644836	-0.11697626113891602	-0.4738605320453644
120	0.3563562035560608	-0.11803239583969116	-0.47438859939575195
121	0.35581251978874207	-0.11911976337432861	-0.4749322831630707
122	0.35529443621635437	-0.120155930519104	-0.4754503667354584
123	0.3547813296318054	-0.1211821436882019	-0.4759634733200073
124	0.35425707697868347	-0.1222306489944458	-0.4764877259731293
125	0.3537580668926239	-0.12322866916656494	-0.47698673605918884
126	0.35322409868240356	-0.12429660558700562	-0.4775207042694092
127	0.35254111886024475	-0.12566256523132324	-0.478203684091568
128	0.3519766926765442	-0.12679141759872437	-0.47876811027526855
129	0.35143420100212097	-0.1278764009475708	-0.4793106019496918
130	0.3508637249469757	-0.12901735305786133	-0.47988107800483704
131	0.35031867027282715	-0.13010746240615845	-0.4804261326789856
132	0.3497985005378723	-0.13114780187606812	-0.48094630241394043
133	0.3493029773235321	-0.13213884830474854	-0.48144182562828064
134	0.3487924337387085	-0.13315993547439575	-0.48195236921310425
135	0.3482140600681305	-0.13431668281555176	-0.48253074288368225
136	0.34707528352737427	-0.1365942358970642	-0.4836695194244385
137	0.34610286355018616	-0.13853907585144043	-0.4846419394016266
138	0.34528878331184387	-0.140167236328125	-0.48545601963996887
139	0.34462970495224	-0.14148539304733276	-0.48611509799957275
140	0.3441128730773926	-0.1425190567970276	-0.48663192987442017
141	0.34360605478286743	-0.14353269338607788	-0.4871387481689453
142	0.3431234061717987	-0.14449799060821533	-0.48762139678001404
143	0.34266436100006104	-0.14541608095169067	-0.4880804419517517
144	0.3421878218650818	-0.14636915922164917	-0.48855698108673096
145	0.34172260761260986	-0.14729958772659302	-0.4890221953392029
146	0.34126630425453186	-0.14821219444274902	-0.4894784986972809
147	0.34077128767967224	-0.14920222759246826	-0.4899735152721405
148	0.34029996395111084	-0.15014487504959106	-0.4904448390007019
149	0.33985161781311035	-0.15104156732559204	-0.4908931851387024
150	0.3394111394882202	-0.15192252397537231	-0.49133366346359253
151	0.3389503061771393	-0.15284419059753418	-0.49179449677467346
152	0.33851221203804016	-0.15372037887573242	-0.4922325909137726
153	0.3380744755268097	-0.15459585189819336	-0.49267032742500305
154	0.33763012290000916	-0.15548455715179443	-0.4931146800518036
155	0.3372046649456024	-0.1563354730606079	-0.4935401380062103
156	0.33671191334724426	-0.15732097625732422	-0.4940328896045685
157	0.3361392915248871	-0.15846621990203857	-0.49460551142692566
158	0.335514634847641	-0.15971553325653076	-0.49523016810417175
159	0.3350129723548889	-0.1607188582420349	-0.49573183059692383
160	0.3345666527748108	-0.16161149740219116	-0.49617815017700195
161	0.3341420888900757	-0.16246062517166138	-0.49660271406173706
162	0.3336833417415619	-0.16337811946868896	-0.49706146121025085
163	0.33324694633483887	-0.164250910282135	-0.4974978566169739
164	0.33282044529914856	-0.16510391235351562	-0.4979243576526642
165	0.33237773180007935	-0.16598933935165405	-0.4983670711517334
166	0.33190399408340454	-0.16693681478500366	-0.4988408088684082
167	0.33130377531051636	-0.16813725233078003	-0.4994410276412964
168	0.3305818438529968	-0.1695811152458191	-0.5001629590988159
169	0.329689621925354	-0.17136555910110474	-0.5010551810264587
170	0.3289269208908081	-0.17289096117019653	-0.5018178820610046
171	0.32829076051712036	-0.17416328191757202	-0.5024540424346924
172	0.32779762148857117	-0.1751495599746704	-0.5029471814632416
173	0.3273452818393707	-0.1760542392730713	-0.503399521112442
174	0.32691484689712524	-0.17691510915756226	-0.5038299560546875
175	0.3265058398246765	-0.17773312330245972	-0.5042389631271362
176	0.3261105418205261	-0.1785237193107605	-0.5046342611312866
177	0.32568925619125366	-0.17936629056930542	-0.5050555467605591
178	0.3252890110015869	-0.18016678094863892	-0.5054557919502258
179	0.32490935921669006	-0.18092608451843262	-0.5058354437351227
180	0.3244996964931488	-0.18174540996551514	-0.5062451064586639
181	0.3241080343723297	-0.18252873420715332	-0.506636768579483
182	0.32373660802841187	-0.183271586894989	-0.5070081949234009
183	0.3233466148376465	-0.18405157327651978	-0.5073981881141663
184	0.3229632079601288	-0.18481838703155518	-0.507781594991684
185	0.3225996792316437	-0.1855454444885254	-0.5081451237201691
186	0.3222283124923706	-0.18628817796707153	-0.5085164904594421
187	0.32185277342796326	-0.18703925609588623	-0.5088920295238495
188	0.3214968144893646	-0.1877511739730835	-0.5092479884624481
189	0.32114553451538086	-0.18845373392105103	-0.5095992684364319
190	0.32077756524086	-0.18918967247009277	-0.5099672377109528
191	0.3204289376735687	-0.1898869276046753	-0.510315865278244
192	0.3200947344303131	-0.19055533409118652	-0.5106500685214996
193	0.3197341859340668	-0.1912764310836792	-0.511010617017746
194	0.3193926215171814	-0.19195955991744995	-0.5113521814346313
195	0.3190698027610779	-0.19260519742965698	-0.5116750001907349
196	0.31872227787971497	-0.1933002471923828	-0.5120225250720978
197	0.3183877170085907	-0.19396936893463135	-0.512357085943222
198	0.3180660903453827	-0.19461262226104736	-0.51267871260643
199	0.31774982810020447	-0.1952451467514038	-0.5129949748516083
200	0.31742018461227417	-0.1959044337272644	-0.5133246183395386
201	0.3170923888683319	-0.19656002521514893	-0.5136524140834808
202	0.31678253412246704	-0.19717973470687866	-0.5139622688293457
203	0.3164706826210022	-0.19780343770980835	-0.5142741203308105
204	0.31614920496940613	-0.1984463930130005	-0.5145955979824066
205	0.3158402144908905	-0.19906437397003174	-0.5149045884609222
206	0.3155363202095032	-0.1996721625328064	-0.5152084827423096
207	0.31524255871772766	-0.20025968551635742	-0.5155022442340851
208	0.31492161750793457	-0.2009015679359436	-0.5158231854438782
209	0.31350642442703247	-0.2037319540977478	-0.5172383785247803
210	0.31217196583747864	-0.20640087127685547	-0.5185728371143341
211	0.31024688482284546	-0.21025103330612183	-0.5204979181289673
212	0.3096576929092407	-0.2114294171333313	-0.521087110042572
213	0.3093239963054657	-0.21209681034088135	-0.521420806646347
214	0.30897262692451477	-0.2127995491027832	-0.521772176027298
215	0.3086395263671875	-0.21346575021743774	-0.5221052765846252
216	0.3083243668079376	-0.2140960693359375	-0.5224204361438751
217	0.30799400806427	-0.2147567868232727	-0.5227507948875427
218	0.30764466524124146	-0.21545547246932983	-0.5231001377105713
219	0.3063615560531616	-0.2180216908454895	-0.5243832468986511
220	0.3058510422706604	-0.21904271841049194	-0.5248937606811523
221	0.3048844337463379	-0.22097593545913696	-0.5258603692054749
222	0.3041805922985077	-0.22238361835479736	-0.526564210653305
223	0.303588330745697	-0.2235681414604187	-0.5271564722061157
224	0.303202748298645	-0.2243393063545227	-0.5275420546531677
225	0.30227869749069214	-0.22618740797042847	-0.5284661054611206
226	0.30122214555740356	-0.22830051183700562	-0.5295226573944092
227	0.2997644543647766	-0.23121589422225952	-0.5309803485870361
228	0.2987883985042572	-0.23316800594329834	-0.5319564044475555
229	0.29820170998573303	-0.23434138298034668	-0.5325430929660797
230	0.29677605628967285	-0.23719269037246704	-0.5339687466621399
231	0.2953260540962219	-0.2400926947593689	-0.5354187488555908
232	0.2943401634693146	-0.2420644760131836	-0.5364046394824982
233	0.2934556007385254	-0.24383360147476196	-0.5372892022132874
234	0.29201626777648926	-0.24671226739883423	-0.5387285351753235
235	0.291289359331131	-0.24816608428955078	-0.5394554436206818
236	0.2899870276451111	-0.2507707476615906	-0.5407577753067017
237	0.2891216576099396	-0.2525014877319336	-0.5416231453418732
238	0.2883499264717102	-0.25404495000839233	-0.5423948764801025
239	0.2866981327533722	-0.25734853744506836	-0.5440466701984406
240	0.2851451635360718	-0.2604544758796692	-0.545599639415741
241	0.284526526927948	-0.26169174909591675	-0.5462182760238647
242	0.2837528884410858	-0.2632390260696411	-0.5469919145107269
243	0.2825804650783539	-0.265583872795105	-0.5481643378734589
244	0.28140392899513245	-0.26793694496154785	-0.5493408739566803
245	0.27913010120391846	-0.27248460054397583	-0.5516147017478943
246	0.27313268184661865	-0.28447943925857544	-0.5576121211051941
247	0.2658522129058838	-0.29904037714004517	-0.564892590045929
248	0.26361173391342163	-0.3035213351249695	-0.5671330690383911
249	0.2623251974582672	-0.3060944080352783	-0.5684196054935455
250	0.26163485646247864	-0.30747509002685547	-0.5691099464893341
251	0.26097041368484497	-0.3088039755821228	-0.5697743892669678
252	0.2605692744255066	-0.30960625410079956	-0.5701755285263062
253	0.26013725996017456	-0.3104702830314636	-0.5706075429916382
254	0.2584787607192993	-0.3137872815132141	-0.5722660422325134
255	0.25737959146499634	-0.31598562002182007	-0.5733652114868164
256	0.2571173906326294	-0.31651002168655396	-0.5736274123191833
257	0.2567855715751648	-0.31717365980148315	-0.573959231376648
258	0.2558044493198395	-0.3191359043121338	-0.5749403536319733
259	0.2552764117717743	-0.32019197940826416	-0.5754683911800385
260	0.2543219029903412	-0.32210099697113037	-0.5764228999614716
261	0.2538178265094757	-0.32310914993286133	-0.576926976442337
262	0.2523123621940613	-0.3261200785636902	-0.5784324407577515
263	0.2513728737831116	-0.3279990553855896	-0.5793719291687012
264	0.2505788207054138	-0.3295871615409851	-0.5801659822463989
265	0.24986715614795685	-0.33101049065589905	-0.5808776468038559
266	0.2492365837097168	-0.33227163553237915	-0.581508219242096
267	0.24841737747192383	-0.3339100480079651	-0.5823274254798889
268	0.2458481788635254	-0.33904844522476196	-0.5848966240882874
269	0.24490806460380554	-0.34092867374420166	-0.5858367383480072
270	0.24406315386295319	-0.34261849522590637	-0.5866816490888596
271	0.24330975115299225	-0.34412530064582825	-0.5874350517988205
272	0.24264401197433472	-0.3454567790031433	-0.588100790977478
273	0.24205458164215088	-0.346635639667511	-0.5886902213096619
274	0.24153658747673035	-0.34767162799835205	-0.5892082154750824
275	0.2410845309495926	-0.34857574105262756	-0.5896602720022202
276	0.24066261947155	-0.34941956400871277	-0.5900821834802628
277	0.24026164412498474	-0.35022151470184326	-0.590483158826828
278	0.2389366179704666	-0.3528715670108795	-0.5918081849813461
279	0.2382899820804596	-0.35416483879089355	-0.5924548208713531
280	0.23777128756046295	-0.35520222783088684	-0.5929735153913498
281	0.23730188608169556	-0.35614103078842163	-0.5934429168701172
282	0.23688940703868866	-0.3569659888744354	-0.5938553959131241
283	0.2364991158246994	-0.35774657130241394	-0.5942456871271133
284	0.23614442348480225	-0.35845595598220825	-0.5946003794670105
285	0.23581133782863617	-0.3591221272945404	-0.5949334651231766
286	0.23552429676055908	-0.3596962094306946	-0.5952205061912537
287	0.23528391122817993	-0.3601769804954529	-0.5954608917236328
288	0.2349882274866104	-0.3607683479785919	-0.5957565754652023
289	0.2347489595413208	-0.36124688386917114	-0.5959958434104919
290	0.23453295230865479	-0.3616788983345032	-0.596211850643158
291	0.22648067772388458	-0.3777834475040436	-0.6042641252279282
292	0.20176120102405548	-0.4272224009037018	-0.6289836019277573
293	0.19172340631484985	-0.44729799032211304	-0.6390213966369629
294	0.17855893075466156	-0.4736269414424896	-0.6521858721971512
295	0.1743868738412857	-0.48197105526924133	-0.656357929110527
296	0.1679093986749649	-0.49492600560188293	-0.6628354042768478
297	0.15457792580127716	-0.5215889513492584	-0.6761668771505356
298	0.14658501744270325	-0.5375747680664062	-0.6841597855091095
299	0.13767193257808685	-0.555400937795639	-0.6930728703737259
300	0.12980563938617706	-0.5711335241794586	-0.7009391635656357
301	0.1241036057472229	-0.5825375914573669	-0.7066411972045898
302	0.12150086462497711	-0.5877430737018585	-0.7092439383268356
303	0.11656413227319717	-0.5976165384054184	-0.7141806706786156
304	0.10665972530841827	-0.6174253523349762	-0.7240850776433945
305	0.10101647675037384	-0.6287118494510651	-0.7297283262014389
306	0.0941959023475647	-0.6423529982566833	-0.736548900604248
307	0.08889050036668777	-0.6529638022184372	-0.741854302585125
308	0.08541806787252426	-0.6599086672067642	-0.7453267350792885
309	0.08044863492250443	-0.6698475331068039	-0.7502961680293083
310	0.07745778560638428	-0.6758292317390442	-0.7532870173454285
311	0.07575992494821548	-0.6792249530553818	-0.7549848780035973
312	0.07440455257892609	-0.6819356977939606	-0.7563402503728867
313	0.06873068958520889	-0.693283423781395	-0.7620141133666039
314	0.06760696321725845	-0.6955308765172958	-0.7631378397345543
315	0.06675120443105698	-0.6972423940896988	-0.7639935985207558
316	0.0661148875951767	-0.6985150277614594	-0.764629915356636
317	0.06518930941820145	-0.7003661841154099	-0.7655554935336113
318	0.06089309602975845	-0.7089586108922958	-0.7698517069220543
319	0.06049027293920517	-0.7097642570734024	-0.7702545300126076
320	0.0601038783788681	-0.7105370461940765	-0.7706409245729446
321	0.05947801470756531	-0.7117887735366821	-0.7712667882442474
322	0.05886125937104225	-0.7130222842097282	-0.7718835435807705
323	0.05840793624520302	-0.7139289304614067	-0.7723368667066097
324	0.05807431414723396	-0.7145961746573448	-0.7726704888045788
325	0.05780896916985512	-0.7151268646121025	-0.7729358337819576
326	0.057471755892038345	-0.715801291167736	-0.7732730470597744
327	0.05700002983212471	-0.7167447432875633	-0.773744773119688
328	0.05659828707575798	-0.7175482288002968	-0.7741465158760548
329	0.05629364028573036	-0.718157522380352	-0.7744511626660824
330	0.05606498196721077	-0.7186148390173912	-0.774679820984602
331	0.05592590197920799	-0.7188929989933968	-0.7748189009726048
332	0.05577034503221512	-0.7192041128873825	-0.7749744579195976
333	0.05326874926686287	-0.724207304418087	-0.7774760536849499
334	0.05311954393982887	-0.724505715072155	-0.7776252590119839
335	0.05297018960118294	-0.7248044237494469	-0.7777746133506298
336	0.052839744836091995	-0.7250653132796288	-0.7779050581157207
337	0.052725013345479965	-0.7252947762608528	-0.7780197896063328
338	0.05268176272511482	-0.7253812775015831	-0.7780630402266979
339	0.05241634324193001	-0.7259121164679527	-0.7783284597098827
340	0.05214802175760269	-0.7264487594366074	-0.77859678119421
341	0.0519164614379406	-0.7269118800759315	-0.7788283415138721
342	0.051724378019571304	-0.7272960469126701	-0.7790204249322414
343	0.0516214519739151	-0.7275018990039825	-0.7791233509778976
344	0.05150231719017029	-0.7277401685714722	-0.7792424857616425
345	0.05105448514223099	-0.7286358326673508	-0.7796903178095818
346	0.05089240521192551	-0.7289599925279617	-0.7798523977398872
347	0.05075637996196747	-0.7292320430278778	-0.7799884229898453
348	0.050658077001571655	-0.7294286489486694	-0.7800867259502411
349	0.0505058579146862	-0.7297330871224403	-0.7802389450371265
350	0.05030987411737442	-0.7301250547170639	-0.7804349288344383
351	0.05018778145313263	-0.7303692400455475	-0.7805570214986801
352	0.05009963735938072	-0.7305455282330513	-0.780645165592432
353	0.05003656819462776	-0.7306716665625572	-0.780708234757185
354	0.049904778599739075	-0.7309352457523346	-0.7808400243520737
355	0.049796976149082184	-0.7311508506536484	-0.7809478268027306
356	0.04958850517868996	-0.7315677925944328	-0.7811562977731228
357	0.04943883791565895	-0.7318671271204948	-0.7813059650361538
358	0.04934787377715111	-0.7320490553975105	-0.7813969291746616
359	0.049258675426244736	-0.7322274520993233	-0.781486127525568
360	0.04913945868611336	-0.732465885579586	-0.7816053442656994
361	0.04907691478729248	-0.7325909733772278	-0.7816678881645203
362	0.049018494784832	-0.7327078133821487	-0.7817263081669807
363	0.048961032181978226	-0.7328227385878563	-0.7817837707698345
364	0.04890478029847145	-0.7329352423548698	-0.7818400226533413
365	0.0488484725356102	-0.7330478578805923	-0.7818963304162025
366	0.04879683256149292	-0.7331511378288269	-0.7819479703903198
367	0.04875167831778526	-0.7332414463162422	-0.7819931246340275
368	0.04870355501770973	-0.7333376929163933	-0.782041247934103
369	0.04861404001712799	-0.7335167229175568	-0.7821307629346848
370	0.04855244234204292	-0.7336399182677269	-0.7821923606097698
371	0.04850656911730766	-0.7337316647171974	-0.7822382338345051
372	0.04846256971359253	-0.7338196635246277	-0.7822822332382202
373	0.04841521009802818	-0.7339143827557564	-0.7823295928537846
374	0.04837295413017273	-0.7339988946914673	-0.78237184882164
375	0.04833449795842171	-0.7340758070349693	-0.782410304993391
376	0.04829592630267143	-0.7341529503464699	-0.7824488766491413
377	0.048261575400829315	-0.7342216521501541	-0.7824832275509834
378	0.048227228224277496	-0.7342903465032578	-0.7825175747275352
379	0.048194680362939835	-0.7343554422259331	-0.7825501225888729
380	0.048161569982767105	-0.7344216629862785	-0.7825832329690456
381	0.048130325973033905	-0.7344841510057449	-0.7826144769787788
382	0.04810063913464546	-0.7345435246825218	-0.7826441638171673
383	0.04807150736451149	-0.7346017882227898	-0.7826732955873013
384	0.048034656792879105	-0.7346754893660545	-0.7827101461589336
385	0.04791473597288132	-0.7349153310060501	-0.7828300669789314
386	0.04783157259225845	-0.7350816577672958	-0.7829132303595543
387	0.0477677583694458	-0.7352092862129211	-0.7829770445823669
388	0.047730881720781326	-0.7352830395102501	-0.7830139212310314
389	0.04769701138138771	-0.7353507801890373	-0.783047791570425
390	0.04766305163502693	-0.7354186996817589	-0.7830817513167858
391	0.047608837485313416	-0.7355271279811859	-0.7831359654664993
392	0.0475756973028183	-0.7355934083461761	-0.7831691056489944
393	0.04754648357629776	-0.7356518357992172	-0.783198319375515
394	0.047520507127046585	-0.7357037886977196	-0.7832242958247662
395	0.04749658703804016	-0.7357516288757324	-0.7832482159137726
396	0.047473955899477005	-0.7357968911528587	-0.7832708470523357
397	0.04744112491607666	-0.7358625531196594	-0.7833036780357361
398	0.047419268637895584	-0.7359062656760216	-0.7833255343139172
399	0.04739246889948845	-0.7359598651528358	-0.7833523340523243
400	0.04737094044685364	-0.7360029220581055	-0.7833738625049591
401	0.04734991118311882	-0.7360449805855751	-0.7833948917686939
402	0.047326814383268356	-0.736091174185276	-0.7834179885685444
403	0.04730798304080963	-0.7361288368701935	-0.7834368199110031
404	0.047290150076150894	-0.736164502799511	-0.7834546528756618
405	0.04727298021316528	-0.7361988425254822	-0.7834718227386475
406	0.04722856730222702	-0.7362876683473587	-0.7835162356495857
407	0.0471622534096241	-0.7364202961325645	-0.7835825495421886
408	0.047136206179857254	-0.7364723905920982	-0.7836085967719555
409	0.047115303575992584	-0.7365141957998276	-0.7836294993758202
410	0.04709690064191818	-0.7365510016679764	-0.7836479023098946
411	0.04708070680499077	-0.7365833893418312	-0.783664096146822
412	0.047064993530511856	-0.736614815890789	-0.7836798094213009
413	0.04705063998699188	-0.736643522977829	-0.7836941629648209
414	0.0470365546643734	-0.736671693623066	-0.7837082482874393
415	0.047019749879837036	-0.7367053031921387	-0.7837250530719757
416	0.04700609669089317	-0.7367326095700264	-0.7837387062609196
417	0.04699353501200676	-0.7367577329277992	-0.783751267939806
418	0.04698244482278824	-0.7367799133062363	-0.7837623581290245
419	0.04697280749678612	-0.7367991879582405	-0.7837719954550266
420	0.046964410692453384	-0.736815981566906	-0.7837803922593594
421	0.04695608839392662	-0.7368326261639595	-0.7837887145578861
422	0.046883273869752884	-0.736978255212307	-0.7838615290820599
423	0.04684223234653473	-0.7370603382587433	-0.783902570605278
424	0.046826522797346115	-0.7370917573571205	-0.7839182801544666
425	0.04678434878587723	-0.7371761053800583	-0.7839604541659355
426	0.04677620902657509	-0.7371923848986626	-0.7839685939252377
427	0.04675913602113724	-0.7372265309095383	-0.7839856669306755
428	0.046734802424907684	-0.7372751981019974	-0.7840100005269051
429	0.04672129824757576	-0.7373022064566612	-0.784023504704237
430	0.04671122506260872	-0.7373223528265953	-0.784033577889204
431	0.046702079474925995	-0.7373406440019608	-0.7840427234768867
432	0.04668329283595085	-0.737378217279911	-0.7840615101158619
433	0.0466746911406517	-0.7373954206705093	-0.784070111811161
434	0.04666638746857643	-0.7374120280146599	-0.7840784154832363
435	0.04665876552462578	-0.7374272719025612	-0.784086037427187
436	0.04665130376815796	-0.7374421954154968	-0.7840934991836548
437	0.046644069254398346	-0.737456664443016	-0.7841007336974144
438	0.04662333056330681	-0.7374981418251991	-0.7841214723885059
439	0.04661700874567032	-0.7375107854604721	-0.7841277942061424
440	0.046611420810222626	-0.7375219613313675	-0.7841333821415901
441	0.04660589620471001	-0.7375330105423927	-0.7841389067471027
442	0.04660094529390335	-0.737542912364006	-0.7841438576579094
443	0.0465964674949646	-0.7375518679618835	-0.7841483354568481
444	0.04659264534711838	-0.737559512257576	-0.7841521576046944
445	0.046589598059654236	-0.7375656068325043	-0.7841552048921585
446	0.04656345397233963	-0.7376178950071335	-0.7841813489794731
447	0.04656049609184265	-0.7376238107681274	-0.7841843068599701
448	0.046558134257793427	-0.7376285344362259	-0.7841866686940193
449	0.04655592516064644	-0.7376329526305199	-0.7841888777911663
450	0.046553805470466614	-0.7376371920108795	-0.7841909974813461
451	0.0465436726808548	-0.7376574575901031	-0.784201130270958
452	0.046523187309503555	-0.7376984283328056	-0.7842216156423092
453	0.04651684686541557	-0.7377111092209816	-0.7842279560863972
454	0.046501222997903824	-0.7377423569560051	-0.7842435799539089
455	0.04649210348725319	-0.7377605959773064	-0.7842526994645596
456	0.04648011177778244	-0.7377845793962479	-0.7842646911740303
457	0.04646874964237213	-0.7378073036670685	-0.7842760533094406
458	0.046461328864097595	-0.7378221452236176	-0.7842834740877151
459	0.04644504562020302	-0.7378547117114067	-0.7842997573316097
460	0.04643678665161133	-0.7378712296485901	-0.7843080163002014
461	0.04642492160201073	-0.7378949597477913	-0.784319881349802
462	0.04641188681125641	-0.7379210293292999	-0.7843329161405563
463	0.04640648886561394	-0.7379318252205849	-0.7843383140861988
464	0.046390239149332047	-0.7379643246531487	-0.7843545638024807
465	0.04637974128127098	-0.7379853203892708	-0.7843650616705418
466	0.046377167105674744	-0.7379904687404633	-0.784367635846138
467	0.04635751619935036	-0.738029770553112	-0.7843872867524624
468	0.04634634777903557	-0.7380521073937416	-0.7843984551727772
469	0.04634065926074982	-0.7380634844303131	-0.7844041436910629
470	0.04632307216525078	-0.7380986586213112	-0.784421730786562
471	0.046314869076013565	-0.7381150647997856	-0.7844299338757992
472	0.046304851770401	-0.7381350994110107	-0.7844399511814117
473	0.04628993943333626	-0.7381649240851402	-0.7844548635184765
474	0.04628470912575722	-0.7381753847002983	-0.7844600938260555
475	0.04627115651965141	-0.7382024899125099	-0.7844736464321613
476	0.04625839367508888	-0.738228015601635	-0.7844864092767239
477	0.04624752327799797	-0.7382497563958168	-0.7844972796738148
478	0.046235933899879456	-0.7382729351520538	-0.7845088690519333
479	0.04622543975710869	-0.7382939234375954	-0.7845193631947041
480	0.04620104283094406	-0.7383427172899246	-0.7845437601208687
481	0.04619152098894119	-0.7383617609739304	-0.7845532819628716
482	0.04618255794048309	-0.7383796870708466	-0.7845622450113297
483	0.04615818336606026	-0.7384284362196922	-0.7845866195857525
484	0.046147070825099945	-0.7384506613016129	-0.7845977321267128
485	0.04613891988992691	-0.7384669631719589	-0.7846058830618858
486	0.0461161732673645	-0.7385124564170837	-0.7846286296844482
487	0.046104125678539276	-0.7385365515947342	-0.7846406772732735
488	0.04609610512852669	-0.7385525926947594	-0.7846486978232861
489	0.04608452692627907	-0.7385757490992546	-0.7846602760255337
490	0.04607722908258438	-0.738590344786644	-0.7846675738692284
491	0.04605595022439957	-0.7386329025030136	-0.7846888527274132
492	0.04604387655854225	-0.7386570498347282	-0.7847009263932705
493	0.046037521213293076	-0.7386697605252266	-0.7847072817385197
494	0.04601915180683136	-0.73870649933815	-0.7847256511449814
495	0.0460040457546711	-0.7387367114424706	-0.7847407571971416
496	0.04599934443831444	-0.7387461140751839	-0.7847454585134983
497	0.04599049687385559	-0.7387638092041016	-0.7847543060779572
498	0.045974090695381165	-0.7387966215610504	-0.7847707122564316
499	0.04596877470612526	-0.7388072535395622	-0.7847760282456875
500	0.0459548719227314	-0.73883505910635	-0.7847899310290813
501	0.04594877362251282	-0.7388472557067871	-0.7847960293292999
502	0.045942239463329315	-0.7388603240251541	-0.7848025634884834
503	0.04593517631292343	-0.7388744503259659	-0.7848096266388893
504	0.045931022614240646	-0.7388827577233315	-0.7848137803375721
505	0.045920830219984055	-0.7389031425118446	-0.7848239727318287
506	0.04591246694326401	-0.7389198690652847	-0.7848323360085487
507	0.04590809345245361	-0.7389286160469055	-0.7848367094993591
508	0.04590653255581856	-0.7389317378401756	-0.7848382703959942
509	0.0459049828350544	-0.738934837281704	-0.7848398201167583
510	0.045894425362348557	-0.7389559522271156	-0.7848503775894642
511	0.04589096084237099	-0.7389628812670708	-0.7848538421094418
512	0.04589008167386055	-0.7389646396040916	-0.7848547212779522
513	0.04588928073644638	-0.73896624147892	-0.7848555222153664
514	0.04586493968963623	-0.7390149235725403	-0.7848798632621765
515	0.04582162946462631	-0.7391015440225601	-0.7849231734871864
516	0.045792676508426666	-0.7391594499349594	-0.7849521264433861
517	0.045771148055791855	-0.739202506840229	-0.7849736548960209
518	0.045760609209537506	-0.7392235845327377	-0.7849841937422752
519	0.04575096443295479	-0.7392428740859032	-0.784993838518858
520	0.04574808105826378	-0.7392486408352852	-0.784996721893549
521	0.045744843780994415	-0.7392551153898239	-0.7849999591708183
522	0.045738108456134796	-0.7392685860395432	-0.785006694495678
523	0.04573569446802139	-0.73927341401577	-0.7850091084837914
524	0.045724064111709595	-0.7392966747283936	-0.7850207388401031
525	0.04572169482707977	-0.7393014132976532	-0.785023108124733
526	0.04571793973445892	-0.7393089234828949	-0.7850268632173538
527	0.04571077972650528	-0.7393232434988022	-0.7850340232253075
528	0.04570653662085533	-0.7393317297101021	-0.7850382663309574
529	0.04570380225777626	-0.7393371984362602	-0.7850410006940365
530	0.045694317668676376	-0.73935616761446	-0.7850504852831364
531	0.04569187015295029	-0.7393610626459122	-0.7850529327988625
532	0.04568610340356827	-0.7393725961446762	-0.7850586995482445
533	0.04568253457546234	-0.7393797338008881	-0.7850622683763504
534	0.045680489391088486	-0.7393838241696358	-0.7850643135607243
535	0.04567892104387283	-0.7393869608640671	-0.7850658819079399
536	0.04563595727086067	-0.7394728884100914	-0.7851088456809521
537	0.04561511427164078	-0.7395145744085312	-0.785129688680172
538	0.0455927737057209	-0.7395592555403709	-0.7851520292460918
539	0.045580748468637466	-0.7395833060145378	-0.7851640544831753
540	0.04557463154196739	-0.739595539867878	-0.7851701714098454
541	0.04557235538959503	-0.7396000921726227	-0.7851724475622177
542	0.045570261776447296	-0.7396042793989182	-0.7851745411753654
543	0.0455685518682003	-0.7396076992154121	-0.7851762510836124
544	0.04556752368807793	-0.7396097555756569	-0.7851772792637348
545	0.0455671027302742	-0.7396105974912643	-0.7851777002215385
546	0.045566972345113754	-0.7396108582615852	-0.785177830606699
547	0.045566897839307785	-0.7396110072731972	-0.785177905112505
548	0.04556683078408241	-0.7396111413836479	-0.7851779721677303
549	0.04556676745414734	-0.7396112680435181	-0.7851780354976654
550	0.04556670039892197	-0.7396114021539688	-0.7851781025528908
551	0.045566629618406296	-0.7396115437150002	-0.7851781733334064
552	0.04556656256318092	-0.7396116778254509	-0.7851782403886318
553	0.04556649550795555	-0.7396118119359016	-0.7851783074438572
554	0.04556642472743988	-0.739611953496933	-0.7851783782243729
555	0.0455663837492466	-0.7396120354533195	-0.7851784192025661
556	0.04556635394692421	-0.7396120950579643	-0.7851784490048885
557	0.04556632786989212	-0.7396121472120285	-0.7851784750819206
558	0.045566294342279434	-0.7396122142672539	-0.7851785086095333
559	0.045566268265247345	-0.739612266421318	-0.7851785346865654
560	0.04556623846292496	-0.7396123260259628	-0.7851785644888878
561	0.04556620866060257	-0.7396123856306076	-0.7851785942912102
562	0.04556618258357048	-0.7396124377846718	-0.7851786203682423
563	0.045566149055957794	-0.7396125048398972	-0.785178653895855
564	0.045566126704216	-0.7396125495433807	-0.7851786762475967
565	0.04556609317660332	-0.7396126165986061	-0.7851787097752094
566	0.04556606709957123	-0.7396126687526703	-0.7851787358522415
567	0.04556603729724884	-0.7396127283573151	-0.7851787656545639
568	0.04556601122021675	-0.7396127805113792	-0.785178791731596
569	0.045565977692604065	-0.7396128475666046	-0.7851788252592087
570	0.045565951615571976	-0.7396128997206688	-0.7851788513362408
571	0.045565925538539886	-0.739612951874733	-0.7851788774132729
572	0.0455658957362175	-0.7396130114793777	-0.7851789072155952
573	0.04556586965918541	-0.7396130636334419	-0.7851789332926273
574	0.04556586220860481	-0.7396130785346031	-0.7851789407432079
575	0.045565854758024216	-0.7396130934357643	-0.7851789481937885
576	0.04556583985686302	-0.7396131232380867	-0.7851789630949497
577	0.045565832406282425	-0.7396131381392479	-0.7851789705455303
578	0.04556582123041153	-0.7396131604909897	-0.7851789817214012
579	0.04556581750512123	-0.7396131679415703	-0.7851789854466915
580	0.045565806329250336	-0.7396131902933121	-0.7851789966225624
581	0.04556579887866974	-0.7396132051944733	-0.785179004073143
582	0.04556578770279884	-0.7396132275462151	-0.7851790152490139
583	0.045565780252218246	-0.7396132424473763	-0.7851790226995945
584	0.04556576907634735	-0.739613264799118	-0.7851790338754654
585	0.04556576535105705	-0.7396132722496986	-0.7851790376007557
586	0.045565757900476456	-0.7396132871508598	-0.7851790450513363
587	0.04556574672460556	-0.7396133095026016	-0.7851790562272072
588	0.04556573927402496	-0.7396133244037628	-0.7851790636777878
589	0.04556572809815407	-0.7396133467555046	-0.7851790748536587
590	0.04556572437286377	-0.7396133542060852	-0.785179078578949
591	0.045565713196992874	-0.739613376557827	-0.7851790897548199
592	0.04556570574641228	-0.7396133914589882	-0.7851790972054005
593	0.04556569457054138	-0.73961341381073	-0.7851791083812714
594	0.045565687119960785	-0.7396134287118912	-0.785179115831852
595	0.04556567221879959	-0.7396134585142136	-0.7851791307330132
596	0.04556566849350929	-0.7396134659647942	-0.7851791344583035
597	0.045565661042928696	-0.7396134808659554	-0.785179141908884
598	0.0455656498670578	-0.7396135032176971	-0.7851791530847549
599	0.0455656424164772	-0.7396135181188583	-0.7851791605353355
600	0.04556563124060631	-0.7396135404706001	-0.7851791717112064
601	0.04556562379002571	-0.7396135553717613	-0.785179179161787
602	0.045565616339445114	-0.7396135702729225	-0.7851791866123676
603	0.04556560888886452	-0.7396135851740837	-0.7851791940629482
604	0.04556559771299362	-0.7396136075258255	-0.7851792052388191
605	0.045565590262413025	-0.7396136224269867	-0.7851792126893997
606	0.04556557908654213	-0.7396136447787285	-0.7851792238652706
607	0.04556557163596153	-0.7396136596798897	-0.7851792313158512
608	0.045565567910671234	-0.7396136671304703	-0.7851792350411415
609	0.04556555673480034	-0.7396136894822121	-0.7851792462170124
610	0.04556555300951004	-0.7396136969327927	-0.7851792499423027
611	0.04556554555892944	-0.7396137118339539	-0.7851792573928833
612	0.045565541833639145	-0.7396137192845345	-0.7851792611181736
613	0.04556553438305855	-0.7396137341856956	-0.7851792685687542
614	0.04556553065776825	-0.7396137416362762	-0.7851792722940445
615	0.04556552320718765	-0.7396137565374374	-0.7851792797446251
616	0.045565515756607056	-0.7396137714385986	-0.7851792871952057
617	0.04556550830602646	-0.7396137863397598	-0.7851792946457863
618	0.04556550458073616	-0.7396137937903404	-0.7851792983710766
619	0.04556550085544586	-0.739613801240921	-0.7851793020963669
620	0.045565493404865265	-0.7396138161420822	-0.7851793095469475
621	0.045565489679574966	-0.7396138235926628	-0.7851793132722378
622	0.04556548222899437	-0.739613838493824	-0.7851793207228184
623	0.04556547850370407	-0.7396138459444046	-0.7851793244481087
624	0.045565471053123474	-0.7396138608455658	-0.7851793318986893
625	0.045565467327833176	-0.7396138682961464	-0.7851793356239796
626	0.04556546360254288	-0.739613875746727	-0.7851793393492699
627	0.04556545615196228	-0.7396138906478882	-0.7851793467998505
628	0.04556545242667198	-0.7396138980984688	-0.7851793505251408
629	0.045565444976091385	-0.73961391299963	-0.7851793579757214
630	0.045565441250801086	-0.7396139204502106	-0.7851793617010117
631	0.04556543380022049	-0.7396139353513718	-0.7851793691515923
632	0.04556543007493019	-0.7396139428019524	-0.7851793728768826
633	0.04556542634963989	-0.739613950252533	-0.7851793766021729
634	0.045565418899059296	-0.7396139651536942	-0.7851793840527534
635	0.045565415173769	-0.7396139726042747	-0.7851793877780437
636	0.0455654077231884	-0.7396139875054359	-0.7851793952286243
637	0.0455654039978981	-0.7396139949560165	-0.7851793989539146
638	0.045565396547317505	-0.7396140098571777	-0.7851794064044952
639	0.045565392822027206	-0.7396140173077583	-0.7851794101297855
640	0.04556538909673691	-0.7396140247583389	-0.7851794138550758
641	0.04556538164615631	-0.7396140396595001	-0.7851794213056564
642	0.04556537792086601	-0.7396140471100807	-0.7851794250309467
643	0.045565370470285416	-0.7396140620112419	-0.7851794324815273
644	0.04556536301970482	-0.7396140769124031	-0.7851794399321079
645	0.04556536301970482	-0.7396140769124031	-0.7851794399321079
646	0.04556536301970482	-0.7396140769124031	-0.7851794399321079
647	0.04556536301970482	-0.7396140769124031	-0.7851794399321079
648	0.04556536301970482	-0.7396140769124031	-0.7851794399321079
649	0.04556536301970482	-0.7396140769124031	-0.7851794399321079
650	0.04556536301970482	-0.7396140769124031	-0.7851794399321079
651	0.04556536301970482	-0.7396140769124031	-0.7851794399321079
652	0.04556536301970482	-0.7396140769124031	-0.7851794399321079
653	0.04556536301970482	-0.7396140769124031	-0.7851794399321079
654	0.04556536301970482	-0.7396140769124031	-0.7851794399321079
655	0.04556536301970482	-0.7396140769124031	-0.7851794399321079
656	0.04556536301970482	-0.7396140769124031	-0.7851794399321079
657	0.04556536301970482	-0.7396140769124031	-0.7851794399321079
658	0.04556536301970482	-0.7396140769124031	-0.7851794399321079
659	0.04556536301970482	-0.7396140769124031	-0.7851794399321079
660	0.04556536301970482	-0.7396140769124031	-0.7851794399321079
661	0.04556536301970482	-0.7396140769124031	-0.7851794399321079
662	0.04556536301970482	-0.7396140769124031	-0.7851794399321079
663	0.04556536301970482	-0.7396140769124031	-0.7851794399321079
664	0.04556536301970482	-0.7396140769124031	-0.7851794399321079
665	0.04556536301970482	-0.7396140769124031	-0.7851794399321079
666	0.04556536301970482	-0.7396140769124031	-0.7851794399321079
667	0.04556536301970482	-0.7396140769124031	-0.7851794399321079
668	0.04556536301970482	-0.7396140769124031	-0.7851794399321079
669	0.04556536301970482	-0.7396140769124031	-0.7851794399321079
670	0.04556536301970482	-0.7396140769124031	-0.7851794399321079
671	0.04556536301970482	-0.7396140769124031	-0.7851794399321079
672	0.04556536301970482	-0.7396140769124031	-0.7851794399321079
673	0.04556536301970482	-0.7396140769124031	-0.7851794399321079
674	0.04556536301970482	-0.7396140769124031	-0.7851794399321079
675	0.04556536301970482	-0.7396140769124031	-0.7851794399321079
676	0.04556536301970482	-0.7396140769124031	-0.7851794399321079
677	0.04556536301970482	-0.7396140769124031	-0.7851794399321079
678	0.04556536301970482	-0.7396140769124031	-0.7851794399321079
679	0.04556536301970482	-0.7396140769124031	-0.7851794399321079
680	0.04556536301970482	-0.7396140769124031	-0.7851794399321079
681	0.04556536301970482	-0.7396140769124031	-0.7851794399321079
682	0.04556536301970482	-0.7396140769124031	-0.7851794399321079
683	0.04556536301970482	-0.7396140769124031	-0.7851794399321079
684	0.04556536301970482	-0.7396140769124031	-0.7851794399321079
685	0.04556536301970482	-0.7396140769124031	-0.7851794399321079
686	0.04556536301970482	-0.7396140769124031	-0.7851794399321079
687	0.04556536301970482	-0.7396140769124031	-0.7851794399321079
688	0.04556536301970482	-0.7396140769124031	-0.7851794399321079
689	0.04556536301970482	-0.7396140769124031	-0.7851794399321079
690	0.04556536301970482	-0.7396140769124031	-0.7851794399321079
691	0.04556536301970482	-0.7396140769124031	-0.7851794399321079
692	0.04556536301970482	-0.7396140769124031	-0.7851794399321079
693	0.04556536301970482	-0.7396140769124031	-0.7851794399321079
694	0.04556536301970482	-0.7396140769124031	-0.7851794399321079
695	0.04556536301970482	-0.7396140769124031	-0.7851794399321079
696	0.04556536301970482	-0.7396140769124031	-0.7851794399321079
697	0.04556536301970482	-0.7396140769124031	-0.7851794399321079
698	0.04556536301970482	-0.7396140769124031	-0.7851794399321079
699	0.04556536301970482	-0.7396140769124031	-0.7851794399321079
700	0.04556536301970482	-0.7396140769124031	-0.7851794399321079
701	0.04556536301970482	-0.7396140769124031	-0.7851794399321079
702	0.04556536301970482	-0.7396140769124031	-0.7851794399321079
703	0.04556536301970482	-0.7396140769124031	-0.7851794399321079
704	0.04556536301970482	-0.7396140769124031	-0.7851794399321079
705	0.04556536301970482	-0.7396140769124031	-0.7851794399321079
706	0.04556536301970482	-0.7396140769124031	-0.7851794399321079
707	0.04556536301970482	-0.7396140769124031	-0.7851794399321079
708	0.04556536301970482	-0.7396140769124031	-0.7851794399321079
709	0.04556536301970482	-0.7396140769124031	-0.7851794399321079
710	0.04556536301970482	-0.7396140769124031	-0.7851794399321079
711	0.04556536301970482	-0.7396140769124031	-0.7851794399321079
712	0.04556536301970482	-0.7396140769124031	-0.7851794399321079
713	0.04556536301970482	-0.7396140769124031	-0.7851794399321079
714	0.04556536301970482	-0.7396140769124031	-0.7851794399321079
715	0.04556536301970482	-0.7396140769124031	-0.7851794399321079
716	0.04556536301970482	-0.7396140769124031	-0.7851794399321079
717	0.04556536301970482	-0.7396140769124031	-0.7851794399321079
718	0.04556536301970482	-0.7396140769124031	-0.7851794399321079
719	0.04556536301970482	-0.7396140769124031	-0.7851794399321079
720	0.04556536301970482	-0.7396140769124031	-0.7851794399321079
721	0.04556536301970482	-0.7396140769124031	-0.7851794399321079
722	0.04556536301970482	-0.7396140769124031	-0.7851794399321079
723	0.04556536301970482	-0.7396140769124031	-0.7851794399321079
724	0.04556536301970482	-0.7396140769124031	-0.7851794399321079
725	0.04556536301970482	-0.7396140769124031	-0.7851794399321079
726	0.04556536301970482	-0.7396140769124031	-0.7851794399321079
727	0.04556536301970482	-0.7396140769124031	-0.7851794399321079
728	0.04556536301970482	-0.7396140769124031	-0.7851794399321079
729	0.04556536301970482	-0.7396140769124031	-0.7851794399321079
730	0.04556536301970482	-0.7396140769124031	-0.7851794399321079
731	0.04556536301970482	-0.7396140769124031	-0.7851794399321079
732	0.04556536301970482	-0.7396140769124031	-0.7851794399321079
733	0.04556536301970482	-0.7396140769124031	-0.7851794399321079
734	0.04556536301970482	-0.7396140769124031	-0.7851794399321079
735	0.04556536301970482	-0.7396140769124031	-0.7851794399321079
736	0.04556536301970482	-0.7396140769124031	-0.7851794399321079
737	0.04556536301970482	-0.7396140769124031	-0.7851794399321079
738	0.04556536301970482	-0.7396140769124031	-0.7851794399321079
739	0.04556536301970482	-0.7396140769124031	-0.7851794399321079
740	0.04556536301970482	-0.7396140769124031	-0.7851794399321079
741	0.04556536301970482	-0.7396140769124031	-0.7851794399321079
742	0.04556536301970482	-0.7396140769124031	-0.7851794399321079
743	0.04556536301970482	-0.7396140769124031	-0.7851794399321079
744	0.04556536301970482	-0.7396140769124031	-0.7851794399321079
745	0.04556536301970482	-0.7396140769124031	-0.7851794399321079
746	0.04556536301970482	-0.7396140769124031	-0.7851794399321079
747	0.04556536301970482	-0.7396140769124031	-0.7851794399321079
748	0.04556536301970482	-0.7396140769124031	-0.7851794399321079
749	0.04556536301970482	-0.7396140769124031	-0.7851794399321079
750	0.04556536301970482	-0.7396140769124031	-0.7851794399321079
751	0.04556536301970482	-0.7396140769124031	-0.7851794399321079
752	0.04556536301970482	-0.7396140769124031	-0.7851794399321079
753	0.04556536301970482	-0.7396140769124031	-0.7851794399321079
754	0.04556536301970482	-0.7396140769124031	-0.7851794399321079
755	0.04556536301970482	-0.7396140769124031	-0.7851794399321079
756	0.04556536301970482	-0.7396140769124031	-0.7851794399321079
757	0.04556536301970482	-0.7396140769124031	-0.7851794399321079
758	0.04556536301970482	-0.7396140769124031	-0.7851794399321079
759	0.04556536301970482	-0.7396140769124031	-0.7851794399321079
760	0.04556536301970482	-0.7396140769124031	-0.7851794399321079
761	0.04556536301970482	-0.7396140769124031	-0.7851794399321079
762	0.04556536301970482	-0.7396140769124031	-0.7851794399321079
763	0.04556536301970482	-0.7396140769124031	-0.7851794399321079
764	0.04556536301970482	-0.7396140769124031	-0.7851794399321079
765	0.04556536301970482	-0.7396140769124031	-0.7851794399321079
766	0.04556536301970482	-0.7396140769124031	-0.7851794399321079
767	0.04556536301970482	-0.7396140769124031	-0.7851794399321079
768	0.04556536301970482	-0.7396140769124031	-0.7851794399321079
769	0.04556536301970482	-0.7396140769124031	-0.7851794399321079
770	0.04556536301970482	-0.7396140769124031	-0.7851794399321079
771	0.04556536301970482	-0.7396140769124031	-0.7851794399321079
772	0.04556536301970482	-0.7396140769124031	-0.7851794399321079
773	0.04556536301970482	-0.7396140769124031	-0.7851794399321079
774	0.04556536301970482	-0.7396140769124031	-0.7851794399321079
775	0.04556536301970482	-0.7396140769124031	-0.7851794399321079
776	0.04556536301970482	-0.7396140769124031	-0.7851794399321079
777	0.04556536301970482	-0.7396140769124031	-0.7851794399321079
778	0.04556536301970482	-0.7396140769124031	-0.7851794399321079
779	0.04556536301970482	-0.7396140769124031	-0.7851794399321079
780	0.04556536301970482	-0.7396140769124031	-0.7851794399321079
781	0.04556536301970482	-0.7396140769124031	-0.7851794399321079
782	0.04556536301970482	-0.7396140769124031	-0.7851794399321079
783	0.04556536301970482	-0.7396140769124031	-0.7851794399321079
784	0.04556536301970482	-0.7396140769124031	-0.7851794399321079
785	0.04556536301970482	-0.7396140769124031	-0.7851794399321079
786	0.04556536301970482	-0.7396140769124031	-0.7851794399321079
787	0.04556536301970482	-0.7396140769124031	-0.7851794399321079
788	0.04556536301970482	-0.7396140769124031	-0.7851794399321079
789	0.04556536301970482	-0.7396140769124031	-0.7851794399321079
790	0.04556536301970482	-0.7396140769124031	-0.7851794399321079
791	0.04556536301970482	-0.7396140769124031	-0.7851794399321079
792	0.04556536301970482	-0.7396140769124031	-0.7851794399321079
793	0.04556536301970482	-0.7396140769124031	-0.7851794399321079
794	0.04556536301970482	-0.7396140769124031	-0.7851794399321079
795	0.04556536301970482	-0.7396140769124031	-0.7851794399321079
796	0.04556536301970482	-0.7396140769124031	-0.7851794399321079
797	0.04556536301970482	-0.7396140769124031	-0.7851794399321079
798	0.04556536301970482	-0.7396140769124031	-0.7851794399321079
799	0.04556536301970482	-0.7396140769124031	-0.7851794399321079
800	0.04556536301970482	-0.7396140769124031	-0.7851794399321079
801	0.04556536301970482	-0.7396140769124031	-0.7851794399321079
802	0.04556536301970482	-0.7396140769124031	-0.7851794399321079
803	0.04556536301970482	-0.7396140769124031	-0.7851794399321079
804	0.04556536301970482	-0.7396140769124031	-0.7851794399321079
805	0.04556536301970482	-0.7396140769124031	-0.7851794399321079
806	0.04556536301970482	-0.7396140769124031	-0.7851794399321079
807	0.04556536301970482	-0.7396140769124031	-0.7851794399321079
808	0.04556536301970482	-0.7396140769124031	-0.7851794399321079
809	0.04556536301970482	-0.7396140769124031	-0.7851794399321079
810	0.04556536301970482	-0.7396140769124031	-0.7851794399321079
811	0.04556536301970482	-0.7396140769124031	-0.7851794399321079
812	0.04556536301970482	-0.7396140769124031	-0.7851794399321079
813	0.04556536301970482	-0.7396140769124031	-0.7851794399321079
814	0.04556536301970482	-0.7396140769124031	-0.7851794399321079
815	0.04556536301970482	-0.7396140769124031	-0.7851794399321079
816	0.04556536301970482	-0.7396140769124031	-0.7851794399321079
817	0.04556536301970482	-0.7396140769124031	-0.7851794399321079
818	0.04556536301970482	-0.7396140769124031	-0.7851794399321079
819	0.04556536301970482	-0.7396140769124031	-0.7851794399321079
820	0.04556536301970482	-0.7396140769124031	-0.7851794399321079
821	0.04556536301970482	-0.7396140769124031	-0.7851794399321079
822	0.04556536301970482	-0.7396140769124031	-0.7851794399321079
823	0.04556536301970482	-0.7396140769124031	-0.7851794399321079
824	0.04556536301970482	-0.7396140769124031	-0.7851794399321079
825	0.04556536301970482	-0.7396140769124031	-0.7851794399321079
826	0.04556536301970482	-0.7396140769124031	-0.7851794399321079
827	0.04556536301970482	-0.7396140769124031	-0.7851794399321079
828	0.04556536301970482	-0.7396140769124031	-0.7851794399321079
829	0.04556536301970482	-0.7396140769124031	-0.7851794399321079
830	0.04556536301970482	-0.7396140769124031	-0.7851794399321079
831	0.04556536301970482	-0.7396140769124031	-0.7851794399321079
832	0.04556536301970482	-0.7396140769124031	-0.7851794399321079
833	0.04556536301970482	-0.7396140769124031	-0.7851794399321079
834	0.04556536301970482	-0.7396140769124031	-0.7851794399321079
835	0.04556536301970482	-0.7396140769124031	-0.7851794399321079
836	0.04556536301970482	-0.7396140769124031	-0.7851794399321079
837	0.04556536301970482	-0.7396140769124031	-0.7851794399321079
838	0.04556536301970482	-0.7396140769124031	-0.7851794399321079
839	0.04556536301970482	-0.7396140769124031	-0.7851794399321079
840	0.04556536301970482	-0.7396140769124031	-0.7851794399321079
841	0.04556536301970482	-0.7396140769124031	-0.7851794399321079
842	0.04556536301970482	-0.7396140769124031	-0.7851794399321079
843	0.04556536301970482	-0.7396140769124031	-0.7851794399321079
844	0.04556536301970482	-0.7396140769124031	-0.7851794399321079
845	0.04556536301970482	-0.7396140769124031	-0.7851794399321079
846	0.04556536301970482	-0.7396140769124031	-0.7851794399321079
847	0.04556536301970482	-0.7396140769124031	-0.7851794399321079
848	0.04556536301970482	-0.7396140769124031	-0.7851794399321079
849	0.04556536301970482	-0.7396140769124031	-0.7851794399321079
850	0.04556536301970482	-0.7396140769124031	-0.7851794399321079
851	0.04556536301970482	-0.7396140769124031	-0.7851794399321079
852	0.04556536301970482	-0.7396140769124031	-0.7851794399321079
853	0.04556536301970482	-0.7396140769124031	-0.7851794399321079
854	0.04556536301970482	-0.7396140769124031	-0.7851794399321079
855	0.04556536301970482	-0.7396140769124031	-0.7851794399321079
856	0.04556536301970482	-0.7396140769124031	-0.7851794399321079
857	0.04556536301970482	-0.7396140769124031	-0.7851794399321079
858	0.04556536301970482	-0.7396140769124031	-0.7851794399321079
859	0.04556536301970482	-0.7396140769124031	-0.7851794399321079
860	0.04556536301970482	-0.7396140769124031	-0.7851794399321079
861	0.04556536301970482	-0.7396140769124031	-0.7851794399321079
862	0.04556536301970482	-0.7396140769124031	-0.7851794399321079
863	0.04556536301970482	-0.7396140769124031	-0.7851794399321079
864	0.04556536301970482	-0.7396140769124031	-0.7851794399321079
865	0.04556536301970482	-0.7396140769124031	-0.7851794399321079
866	0.04556536301970482	-0.7396140769124031	-0.7851794399321079
867	0.04556536301970482	-0.7396140769124031	-0.7851794399321079
868	0.04556536301970482	-0.7396140769124031	-0.7851794399321079
869	0.04556536301970482	-0.7396140769124031	-0.7851794399321079
870	0.04556536301970482	-0.7396140769124031	-0.7851794399321079
871	0.04556536301970482	-0.7396140769124031	-0.7851794399321079
872	0.04556536301970482	-0.7396140769124031	-0.7851794399321079
873	0.04556536301970482	-0.7396140769124031	-0.7851794399321079
874	0.04556536301970482	-0.7396140769124031	-0.7851794399321079
875	0.04556536301970482	-0.7396140769124031	-0.7851794399321079
876	0.04556536301970482	-0.7396140769124031	-0.7851794399321079
877	0.04556536301970482	-0.7396140769124031	-0.7851794399321079
878	0.04556536301970482	-0.7396140769124031	-0.7851794399321079
879	0.04556536301970482	-0.7396140769124031	-0.7851794399321079
880	0.04556536301970482	-0.7396140769124031	-0.7851794399321079
881	0.04556536301970482	-0.7396140769124031	-0.7851794399321079
882	0.04556536301970482	-0.7396140769124031	-0.7851794399321079
883	0.04556536301970482	-0.7396140769124031	-0.7851794399321079
884	0.04556536301970482	-0.7396140769124031	-0.7851794399321079
885	0.04556536301970482	-0.7396140769124031	-0.7851794399321079
886	0.04556536301970482	-0.7396140769124031	-0.7851794399321079
887	0.04556536301970482	-0.7396140769124031	-0.7851794399321079
888	0.04556536301970482	-0.7396140769124031	-0.7851794399321079
889	0.04556536301970482	-0.7396140769124031	-0.7851794399321079
890	0.04556536301970482	-0.7396140769124031	-0.7851794399321079
891	0.04556536301970482	-0.7396140769124031	-0.7851794399321079
892	0.04556536301970482	-0.7396140769124031	-0.7851794399321079
893	0.04556536301970482	-0.7396140769124031	-0.7851794399321079
894	0.04556536301970482	-0.7396140769124031	-0.7851794399321079
895	0.04556536301970482	-0.7396140769124031	-0.7851794399321079
896	0.04556536301970482	-0.7396140769124031	-0.7851794399321079
897	0.04556536301970482	-0.7396140769124031	-0.7851794399321079
898	0.04556536301970482	-0.7396140769124031	-0.7851794399321079
899	0.04556536301970482	-0.7396140769124031	-0.7851794399321079
900	0.04556536301970482	-0.7396140769124031	-0.7851794399321079
901	0.04556536301970482	-0.7396140769124031	-0.7851794399321079
902	0.04556536301970482	-0.7396140769124031	-0.7851794399321079
903	0.04556536301970482	-0.7396140769124031	-0.7851794399321079
904	0.04556536301970482	-0.7396140769124031	-0.7851794399321079
905	0.04556536301970482	-0.7396140769124031	-0.7851794399321079
906	0.04556536301970482	-0.7396140769124031	-0.7851794399321079
907	0.04556536301970482	-0.7396140769124031	-0.7851794399321079
908	0.04556536301970482	-0.7396140769124031	-0.7851794399321079
909	0.04556536301970482	-0.7396140769124031	-0.7851794399321079
910	0.04556536301970482	-0.7396140769124031	-0.7851794399321079
911	0.04556536301970482	-0.7396140769124031	-0.7851794399321079
912	0.04556536301970482	-0.7396140769124031	-0.7851794399321079
913	0.04556536301970482	-0.7396140769124031	-0.7851794399321079
914	0.04556536301970482	-0.7396140769124031	-0.7851794399321079
915	0.04556536301970482	-0.7396140769124031	-0.7851794399321079
916	0.04556536301970482	-0.7396140769124031	-0.7851794399321079
917	0.04556536301970482	-0.7396140769124031	-0.7851794399321079
918	0.04556536301970482	-0.7396140769124031	-0.7851794399321079
919	0.04556536301970482	-0.7396140769124031	-0.7851794399321079
920	0.04556536301970482	-0.7396140769124031	-0.7851794399321079
921	0.04556536301970482	-0.7396140769124031	-0.7851794399321079
922	0.04556536301970482	-0.7396140769124031	-0.7851794399321079
923	0.04556536301970482	-0.7396140769124031	-0.7851794399321079
924	0.04556536301970482	-0.7396140769124031	-0.7851794399321079
925	0.04556536301970482	-0.7396140769124031	-0.7851794399321079
926	0.04556536301970482	-0.7396140769124031	-0.7851794399321079
927	0.04556536301970482	-0.7396140769124031	-0.7851794399321079
928	0.04556536301970482	-0.7396140769124031	-0.7851794399321079
929	0.04556536301970482	-0.7396140769124031	-0.7851794399321079
930	0.04556536301970482	-0.7396140769124031	-0.7851794399321079
931	0.04556536301970482	-0.7396140769124031	-0.7851794399321079
932	0.04556536301970482	-0.7396140769124031	-0.7851794399321079
933	0.04556536301970482	-0.7396140769124031	-0.7851794399321079
934	0.04556536301970482	-0.7396140769124031	-0.7851794399321079
935	0.04556536301970482	-0.7396140769124031	-0.7851794399321079
936	0.04556536301970482	-0.7396140769124031	-0.7851794399321079
937	0.04556536301970482	-0.7396140769124031	-0.7851794399321079
938	0.04556536301970482	-0.7396140769124031	-0.7851794399321079
939	0.04556536301970482	-0.7396140769124031	-0.7851794399321079
940	0.04556536301970482	-0.7396140769124031	-0.7851794399321079
941	0.04556536301970482	-0.7396140769124031	-0.7851794399321079
942	0.04556536301970482	-0.7396140769124031	-0.7851794399321079
943	0.04556536301970482	-0.7396140769124031	-0.7851794399321079
944	0.04556536301970482	-0.7396140769124031	-0.7851794399321079
945	0.04556536301970482	-0.7396140769124031	-0.7851794399321079
946	0.04556536301970482	-0.7396140769124031	-0.7851794399321079
947	0.04556536301970482	-0.7396140769124031	-0.7851794399321079
948	0.04556536301970482	-0.7396140769124031	-0.7851794399321079
949	0.04556536301970482	-0.7396140769124031	-0.7851794399321079
950	0.04556536301970482	-0.7396140769124031	-0.7851794399321079
951	0.04556536301970482	-0.7396140769124031	-0.7851794399321079
952	0.04556536301970482	-0.7396140769124031	-0.7851794399321079
953	0.04556536301970482	-0.7396140769124031	-0.7851794399321079
954	0.04556536301970482	-0.7396140769124031	-0.7851794399321079
955	0.04556536301970482	-0.7396140769124031	-0.7851794399321079
956	0.04556536301970482	-0.7396140769124031	-0.7851794399321079
957	0.04556536301970482	-0.7396140769124031	-0.7851794399321079
958	0.04556536301970482	-0.7396140769124031	-0.7851794399321079
959	0.04556536301970482	-0.7396140769124031	-0.7851794399321079
960	0.04556536301970482	-0.7396140769124031	-0.7851794399321079
961	0.04556536301970482	-0.7396140769124031	-0.7851794399321079
962	0.04556536301970482	-0.7396140769124031	-0.7851794399321079
963	0.04556536301970482	-0.7396140769124031	-0.7851794399321079
964	0.04556536301970482	-0.7396140769124031	-0.7851794399321079
965	0.04556536301970482	-0.7396140769124031	-0.7851794399321079
966	0.04556536301970482	-0.7396140769124031	-0.7851794399321079
967	0.04556536301970482	-0.7396140769124031	-0.7851794399321079
968	0.04556536301970482	-0.7396140769124031	-0.7851794399321079
969	0.04556536301970482	-0.7396140769124031	-0.7851794399321079
970	0.04556536301970482	-0.7396140769124031	-0.7851794399321079
971	0.04556536301970482	-0.7396140769124031	-0.7851794399321079
972	0.04556536301970482	-0.7396140769124031	-0.7851794399321079
973	0.04556536301970482	-0.7396140769124031	-0.7851794399321079
974	0.04556536301970482	-0.7396140769124031	-0.7851794399321079
975	0.04556536301970482	-0.7396140769124031	-0.7851794399321079
976	0.04556536301970482	-0.7396140769124031	-0.7851794399321079
977	0.04556536301970482	-0.7396140769124031	-0.7851794399321079
978	0.04556536301970482	-0.7396140769124031	-0.7851794399321079
979	0.04556536301970482	-0.7396140769124031	-0.7851794399321079
980	0.04556536301970482	-0.7396140769124031	-0.7851794399321079
981	0.04556536301970482	-0.7396140769124031	-0.7851794399321079
982	0.04556536301970482	-0.7396140769124031	-0.7851794399321079
983	0.04556536301970482	-0.7396140769124031	-0.7851794399321079
984	0.04556536301970482	-0.7396140769124031	-0.7851794399321079
985	0.04556536301970482	-0.7396140769124031	-0.7851794399321079
986	0.04556536301970482	-0.7396140769124031	-0.7851794399321079
987	0.04556536301970482	-0.7396140769124031	-0.7851794399321079
988	0.04556536301970482	-0.7396140769124031	-0.7851794399321079
989	0.04556536301970482	-0.7396140769124031	-0.7851794399321079
990	0.04556536301970482	-0.7396140769124031	-0.7851794399321079
991	0.04556536301970482	-0.7396140769124031	-0.7851794399321079
992	0.04556536301970482	-0.7396140769124031	-0.7851794399321079
993	0.04556536301970482	-0.7396140769124031	-0.7851794399321079
994	0.04556536301970482	-0.7396140769124031	-0.7851794399321079
995	0.04556536301970482	-0.7396140769124031	-0.7851794399321079
996	0.04556536301970482	-0.7396140769124031	-0.7851794399321079
997	0.04556536301970482	-0.7396140769124031	-0.7851794399321079
998	0.04556536301970482	-0.7396140769124031	-0.7851794399321079
999	0.04556536301970482	-0.7396140769124031	-0.7851794399321079
1000	0.04556536301970482	-0.7396140769124031	-0.7851794399321079

Best Loss: 0.04556536301970482

Training Time (seconds): 291.8427274
