Iteration	Loss (h)	Total Cost (f)	Cost g
1	0.44858989119529724	0.44858989119529724	0
2	0.4384641647338867	0.4283384382724762	-0.010125726461410522
3	0.4352763593196869	0.42196282744407654	-0.013313531875610352
4	0.43370333313941956	0.41881677508354187	-0.014886558055877686
5	0.43265676498413086	0.4167236387729645	-0.015933126211166382
6	0.43212831020355225	0.41566672921180725	-0.016461580991744995
7	0.4307170510292053	0.4128442108631134	-0.01787284016609192
8	0.42883044481277466	0.4090709984302521	-0.019759446382522583
9	0.4284537136554718	0.40831753611564636	-0.02013617753982544
10	0.4281505048274994	0.40771111845970154	-0.02043938636779785
11	0.4279347062110901	0.40727952122688293	-0.020655184984207153
12	0.427717387676239	0.4068448841571808	-0.020872503519058228
13	0.4270996153354645	0.4056093394756317	-0.021490275859832764
14	0.42689016461372375	0.40519043803215027	-0.021699726581573486
15	0.4260222315788269	0.40345457196235657	-0.022567659616470337
16	0.4258156716823578	0.40304145216941833	-0.022774219512939453
17	0.42564302682876587	0.4026961624622345	-0.022946864366531372
18	0.42546552419662476	0.40234115719795227	-0.023124366998672485
19	0.42449185252189636	0.4003938138484955	-0.02409803867340088
20	0.42386963963508606	0.3991493880748749	-0.02472025156021118
21	0.42332375049591064	0.39805760979652405	-0.025266140699386597
22	0.4228270351886749	0.3970641791820526	-0.025762856006622314
23	0.4223334491252899	0.3960770070552826	-0.026256442070007324
24	0.42184460163116455	0.39509931206703186	-0.02674528956413269
25	0.4213621914386749	0.3941344916820526	-0.027227699756622314
26	0.42089226841926575	0.39319464564323425	-0.027697622776031494
27	0.42043742537498474	0.39228495955467224	-0.0281524658203125
28	0.41998884081840515	0.39138779044151306	-0.02860105037689209
29	0.41956445574760437	0.3905390202999115	-0.02902543544769287
30	0.41916537284851074	0.38974085450172424	-0.0294245183467865
31	0.41878199577331543	0.3889741003513336	-0.02980789542198181
32	0.418407678604126	0.3882254660129547	-0.030182212591171265
33	0.4180417060852051	0.3874935209751129	-0.030548185110092163
34	0.4177035093307495	0.3868171274662018	-0.03088638186454773
35	0.4173852503299713	0.3861806094646454	-0.031204640865325928
36	0.41702204942703247	0.3854542076587677	-0.03156784176826477
37	0.41666191816329956	0.3847339451313019	-0.03192797303199768
38	0.4163096249103546	0.384029358625412	-0.03228026628494263
39	0.4159786105155945	0.3833673298358917	-0.03261128067970276
40	0.4156719148159027	0.3827539384365082	-0.03291797637939453
41	0.4153725802898407	0.38215526938438416	-0.03321731090545654
42	0.4150739014148712	0.3815579116344452	-0.033515989780426025
43	0.41469940543174744	0.38080891966819763	-0.033890485763549805
44	0.4143718481063843	0.3801538050174713	-0.034218043088912964
45	0.4140501022338867	0.3795103132724762	-0.03453978896141052
46	0.41375115513801575	0.37891241908073425	-0.034838736057281494
47	0.4134746193885803	0.3783593475818634	-0.03511527180671692
48	0.41313907504081726	0.3776882588863373	-0.03545081615447998
49	0.4128212034702301	0.37705251574516296	-0.03576868772506714
50	0.41251447796821594	0.37643906474113464	-0.0360754132270813
51	0.4122207760810852	0.37585166096687317	-0.036369115114212036
52	0.4119480848312378	0.37530627846717834	-0.03664180636405945
53	0.4116857349872589	0.3747815787792206	-0.03690415620803833
54	0.4113549590110779	0.3741200268268585	-0.03723493218421936
55	0.4110637307167053	0.3735375702381134	-0.03752616047859192
56	0.41077619791030884	0.37296250462532043	-0.0378136932849884
57	0.4105074405670166	0.37242498993873596	-0.03808245062828064
58	0.4102585017681122	0.3719271123409271	-0.03833138942718506
59	0.40999549627304077	0.3714011013507843	-0.03859439492225647
60	0.40962937474250793	0.37066885828971863	-0.03896051645278931
61	0.409182608127594	0.36977532505989075	-0.03940728306770325
62	0.40880122780799866	0.3690125644207001	-0.039788663387298584
63	0.4084548354148865	0.3683197796344757	-0.04013505578041077
64	0.4081413745880127	0.36769285798072815	-0.040448516607284546
65	0.407860666513443	0.36713144183158875	-0.04072922468185425
66	0.4075830578804016	0.366576224565506	-0.04100683331489563
67	0.4073145389556885	0.3660391867160797	-0.041275352239608765
68	0.40696221590042114	0.36533454060554504	-0.0416276752948761
69	0.4063183069229126	0.36404672265052795	-0.042271584272384644
70	0.40596336126327515	0.36333683133125305	-0.042626529932022095
71	0.40563586354255676	0.3626818358898163	-0.04295402765274048
72	0.40533512830734253	0.3620803654193878	-0.04325476288795471
73	0.405061274766922	0.36153265833854675	-0.043528616428375244
74	0.40479686856269836	0.3610038459300995	-0.04379302263259888
75	0.40454810857772827	0.3605063259601593	-0.04404178261756897
76	0.4043033719062805	0.3600168526172638	-0.044286519289016724
77	0.40406474471092224	0.35953959822654724	-0.044525146484375
78	0.4037904441356659	0.35899099707603455	-0.04479944705963135
79	0.4034784734249115	0.35836705565452576	-0.04511141777038574
80	0.4027080237865448	0.35682615637779236	-0.04588186740875244
81	0.4023071825504303	0.35602447390556335	-0.04628270864486694
82	0.4019352197647095	0.3552805483341217	-0.04665467143058777
83	0.4015893340110779	0.3545887768268585	-0.04700055718421936
84	0.40126708149909973	0.3539442718029022	-0.04732280969619751
85	0.4009675979614258	0.3533453047275543	-0.04762229323387146
86	0.40068310499191284	0.35277631878852844	-0.0479067862033844
87	0.40024521946907043	0.35190054774284363	-0.04834467172622681
88	0.39987319707870483	0.3511565029621124	-0.04871669411659241
89	0.3995106816291809	0.3504314720630646	-0.04907920956611633
90	0.39916694164276123	0.3497439920902252	-0.04942294955253601
91	0.39884889125823975	0.34910789132118225	-0.049740999937057495
92	0.3985591530799866	0.3485284149646759	-0.05003073811531067
93	0.39829787611961365	0.34800586104393005	-0.050292015075683594
94	0.398039847612381	0.3474898040294647	-0.05055004358291626
95	0.3977949321269989	0.34699997305870056	-0.05079495906829834
96	0.3975222110748291	0.34645453095436096	-0.05106768012046814
97	0.39725956320762634	0.34592923521995544	-0.0513303279876709
98	0.3970089852809906	0.34542807936668396	-0.05158090591430664
99	0.3967624306678772	0.34493497014045715	-0.051827460527420044
100	0.3965197205543518	0.34444954991340637	-0.052070170640945435
101	0.39629021286964417	0.3439905345439911	-0.052299678325653076
102	0.39606937766075134	0.34354886412620544	-0.0525205135345459
103	0.3958531618118286	0.34311643242836	-0.05273672938346863
104	0.3956437110900879	0.34269753098487854	-0.05294618010520935
105	0.3954407870769501	0.3422916829586029	-0.05314910411834717
106	0.3949644863605499	0.3413390815258026	-0.053625404834747314
107	0.394300252199173	0.3400106132030487	-0.05428963899612427
108	0.3939642012119293	0.3393385112285614	-0.05462568998336792
109	0.3936496675014496	0.33870944380760193	-0.054940223693847656
110	0.3933528959751129	0.3381159007549286	-0.055236995220184326
111	0.39307403564453125	0.33755818009376526	-0.05551585555076599
112	0.3928127586841583	0.3370356261730194	-0.055777132511138916
113	0.39256975054740906	0.3365496098995209	-0.056020140647888184
114	0.3923443555831909	0.3360988199710846	-0.05624553561210632
115	0.39213237166404724	0.33567485213279724	-0.05645751953125
116	0.39192652702331543	0.3352631628513336	-0.05666336417198181
117	0.3917275071144104	0.33486512303352356	-0.05686238408088684
118	0.3915393054485321	0.33448871970176697	-0.05705058574676514
119	0.3913470506668091	0.3341042101383209	-0.05724284052848816
120	0.3911478519439697	0.3337058126926422	-0.057442039251327515
121	0.39095357060432434	0.33331725001335144	-0.0576363205909729
122	0.39076948165893555	0.33294907212257385	-0.057820409536361694
123	0.3905881941318512	0.33258649706840515	-0.058001697063446045
124	0.39038291573524475	0.33217594027519226	-0.05820697546005249
125	0.3900012671947479	0.3314126431941986	-0.058588624000549316
126	0.38962438702583313	0.330658882856369	-0.05896550416946411
127	0.3893983066082001	0.3302067220211029	-0.05919158458709717
128	0.3891559839248657	0.3297220766544342	-0.05943390727043152
129	0.3889271914958954	0.32926449179649353	-0.059662699699401855
130	0.38870686292648315	0.32882383465766907	-0.05988302826881409
131	0.3884914219379425	0.32839295268058777	-0.060098469257354736
132	0.3882790505886078	0.32796820998191833	-0.06031084060668945
133	0.3880802094936371	0.32757052779197693	-0.060509681701660156
134	0.3878841698169708	0.3271784484386444	-0.060705721378326416
135	0.3876928985118866	0.32679590582847595	-0.060896992683410645
136	0.3875107169151306	0.326431542634964	-0.061079174280166626
137	0.3873331844806671	0.326076477766037	-0.06125670671463013
138	0.38713204860687256	0.3256742060184479	-0.06145784258842468
139	0.386940598487854	0.32529130578041077	-0.06164929270744324
140	0.38675060868263245	0.32491132616996765	-0.061839282512664795
141	0.38653555512428284	0.32448121905326843	-0.062054336071014404
142	0.38633856177330017	0.3240872323513031	-0.06225132942199707
143	0.3861512541770935	0.32371261715888977	-0.062438637018203735
144	0.3859449028968811	0.32329991459846497	-0.06264498829841614
145	0.3856683373451233	0.32274678349494934	-0.06292155385017395
146	0.38526639342308044	0.32194289565086365	-0.0633234977722168
147	0.3850448727607727	0.32149985432624817	-0.06354501843452454
148	0.38483625650405884	0.32108262181282043	-0.0637536346912384
149	0.38463300466537476	0.32067611813545227	-0.06395688652992249
150	0.3844341039657593	0.3202783167362213	-0.06415578722953796
151	0.3842424750328064	0.31989505887031555	-0.06434741616249084
152	0.38405561447143555	0.31952133774757385	-0.0645342767238617
153	0.38387566804885864	0.31916144490242004	-0.0647142231464386
154	0.38369980454444885	0.31880971789360046	-0.06489008665084839
155	0.3835291266441345	0.3184683620929718	-0.06506076455116272
156	0.3833651840686798	0.3181404769420624	-0.06522470712661743
157	0.38320568203926086	0.3178214728832245	-0.06538420915603638
158	0.3830510973930359	0.31751230359077454	-0.06553879380226135
159	0.3829001188278198	0.3172103464603424	-0.06568977236747742
160	0.3827563524246216	0.3169228136539459	-0.06583353877067566
161	0.38261526823043823	0.3166406452655792	-0.06597462296485901
162	0.3824732005596161	0.31635650992393494	-0.06611669063568115
163	0.38221195340156555	0.31583401560783386	-0.06637793779373169
164	0.3817242383956909	0.3148585855960846	-0.06686565279960632
165	0.3815128207206726	0.314435750246048	-0.06707707047462463
166	0.3813227415084839	0.31405559182167053	-0.06726714968681335
167	0.3811444938182831	0.3136990964412689	-0.06744539737701416
168	0.38096997141838074	0.31335005164146423	-0.0676199197769165
169	0.38080447912216187	0.3130190670490265	-0.06778541207313538
170	0.38064178824424744	0.31269368529319763	-0.0679481029510498
171	0.38048404455184937	0.3123781979084015	-0.06810584664344788
172	0.3803129494190216	0.31203600764274597	-0.06827694177627563
173	0.38014495372772217	0.3117000162601471	-0.06844493746757507
174	0.37998461723327637	0.3113793432712555	-0.06860527396202087
175	0.3798292577266693	0.3110686242580414	-0.06876063346862793
176	0.3796800673007965	0.3107702434062958	-0.06890982389450073
177	0.3795347511768341	0.31047961115837097	-0.06905514001846313
178	0.3793940842151642	0.31019827723503113	-0.06919580698013306
179	0.3792554438114166	0.309920996427536	-0.06933444738388062
180	0.3791225850582123	0.3096552789211273	-0.06946730613708496
181	0.3789549469947815	0.30932000279426575	-0.06963494420051575
182	0.3787665367126465	0.3089431822299957	-0.06982335448265076
183	0.37830886244773865	0.30802783370018005	-0.0702810287475586
184	0.37813568115234375	0.30768147110939026	-0.07045421004295349
185	0.37796661257743835	0.30734333395957947	-0.07062327861785889
186	0.3778059482574463	0.30702200531959534	-0.07078394293785095
187	0.3776491582393646	0.306708425283432	-0.07094073295593262
188	0.3775000274181366	0.30641016364097595	-0.07108986377716064
189	0.3773539364337921	0.306117981672287	-0.07123595476150513
190	0.37721043825149536	0.3058309853076935	-0.07137945294380188
191	0.37707334756851196	0.3055568039417267	-0.07151654362678528
192	0.37694022059440613	0.305290549993515	-0.07164967060089111
193	0.37681010365486145	0.30503031611442566	-0.07177978754043579
194	0.3766825795173645	0.30477526783943176	-0.07190731167793274
195	0.37656140327453613	0.304532915353775	-0.07202848792076111
196	0.3764418363571167	0.30429378151893616	-0.07214805483818054
197	0.37632566690444946	0.3040614426136017	-0.07226422429084778
198	0.37620580196380615	0.30382171273231506	-0.07238408923149109
199	0.3760853707790375	0.3035808503627777	-0.07250452041625977
200	0.3759690523147583	0.30334821343421936	-0.07262083888053894
201	0.3758552074432373	0.30312052369117737	-0.07273468375205994
202	0.37574321031570435	0.30289652943611145	-0.0728466808795929
203	0.37563371658325195	0.30267754197120667	-0.07295617461204529
204	0.37551721930503845	0.30244454741477966	-0.07307267189025879
205	0.3753169775009155	0.3020440638065338	-0.07327291369438171
206	0.3748127520084381	0.301035612821579	-0.07377713918685913
207	0.37467190623283386	0.3007539212703705	-0.07391798496246338
208	0.37453752756118774	0.30048516392707825	-0.0740523636341095
209	0.3744107186794281	0.30023154616355896	-0.07417917251586914
210	0.37428903579711914	0.29998818039894104	-0.0743008553981781
211	0.3741707503795624	0.2997516095638275	-0.07441914081573486
212	0.37404778599739075	0.29950568079948425	-0.0745421051979065
213	0.3739233911037445	0.2992568910121918	-0.07466650009155273
214	0.37380149960517883	0.2990131080150604	-0.07478839159011841
215	0.3736761212348938	0.29876235127449036	-0.07491376996040344
216	0.3735385835170746	0.29848727583885193	-0.07505130767822266
217	0.3734092116355896	0.29822853207588196	-0.07518067955970764
218	0.3732871115207672	0.2979843318462372	-0.07530277967453003
219	0.3731689751148224	0.29774805903434753	-0.07542091608047485
220	0.3730546236038208	0.29751935601234436	-0.07553526759147644
221	0.3729429244995117	0.2972959578037262	-0.07564696669578552
222	0.3728334903717041	0.29707708954811096	-0.07575640082359314
223	0.3727291226387024	0.29686835408210754	-0.07586076855659485
224	0.37262287735939026	0.2966558635234833	-0.07596701383590698
225	0.37250885367393494	0.29642781615257263	-0.0760810375213623
226	0.37240147590637207	0.2962130606174469	-0.07618841528892517
227	0.37229597568511963	0.296002060174942	-0.07629391551017761
228	0.3721925616264343	0.2957952320575714	-0.07639732956886292
229	0.37209317088127136	0.2955964505672455	-0.07649672031402588
230	0.37199753522872925	0.29540517926216125	-0.076592355966568
231	0.371904194355011	0.29521849751472473	-0.07668569684028625
232	0.3718136250972748	0.2950373589992523	-0.07677626609802246
233	0.3717242479324341	0.2948586046695709	-0.07686564326286316
234	0.3716353178024292	0.29468074440956116	-0.07695457339286804
235	0.37154680490493774	0.29450371861457825	-0.0770430862903595
236	0.3714587688446045	0.29432764649391174	-0.07713112235069275
237	0.37137117981910706	0.29415246844291687	-0.07721871137619019
238	0.37126240134239197	0.2939349114894867	-0.07732748985290527
239	0.3711492717266083	0.2937086522579193	-0.07744061946868896
240	0.3710215985774994	0.29345330595970154	-0.07756829261779785
241	0.3707294762134552	0.29286906123161316	-0.07786041498184204
242	0.3686307370662689	0.2886715829372406	-0.07995915412902832
243	0.3672252297401428	0.2858605682849884	-0.08136466145515442
244	0.36688774824142456	0.2851856052875519	-0.08170214295387268
245	0.3665581941604614	0.2845264971256256	-0.08203169703483582
246	0.3663521707057953	0.28411445021629333	-0.08223772048950195
247	0.36620035767555237	0.2838108241558075	-0.08238953351974487
248	0.3660554587841034	0.28352102637290955	-0.08253443241119385
249	0.36590468883514404	0.28321948647499084	-0.0826852023601532
250	0.3657572865486145	0.28292468190193176	-0.08283260464668274
251	0.365617036819458	0.2826441824436188	-0.08297285437583923
252	0.36548393964767456	0.2823779881000519	-0.08310595154762268
253	0.3653571307659149	0.2821243703365326	-0.08323276042938232
254	0.36523208022117615	0.28187426924705505	-0.0833578109741211
255	0.3648771047592163	0.2811643183231354	-0.08371278643608093
256	0.36451977491378784	0.28044965863227844	-0.0840701162815094
257	0.3642762005329132	0.2799625098705292	-0.08431369066238403
258	0.36412879824638367	0.2796677052974701	-0.08446109294891357
259	0.36398845911026	0.2793870270252228	-0.08460143208503723
260	0.36384615302085876	0.2791024148464203	-0.08474373817443848
261	0.3637009263038635	0.2788119614124298	-0.08488896489143372
262	0.36356207728385925	0.27853426337242126	-0.08502781391143799
263	0.3634289801120758	0.27826806902885437	-0.08516091108322144
264	0.36329784989356995	0.27800580859184265	-0.0852920413017273
265	0.36317145824432373	0.2777530252933502	-0.08541843295097351
266	0.36304885149002075	0.27750781178474426	-0.08554103970527649
267	0.36292850971221924	0.27726712822914124	-0.085661381483078
268	0.3628113269805908	0.2770327627658844	-0.08577856421470642
269	0.36269575357437134	0.27680161595344543	-0.0858941376209259
270	0.3625839948654175	0.2765780985355377	-0.08600589632987976
271	0.36246758699417114	0.27634528279304504	-0.0861223042011261
272	0.36231982707977295	0.27604976296424866	-0.08627006411552429
273	0.3621920347213745	0.2757941782474518	-0.08639785647392273
274	0.3620675802230835	0.27554526925086975	-0.08652231097221375
275	0.36194780468940735	0.27530571818351746	-0.08664208650588989
276	0.3618302047252655	0.27507051825523376	-0.08675968647003174
277	0.36171668767929077	0.2748434841632843	-0.08687320351600647
278	0.3616049587726593	0.27462002635002136	-0.08698493242263794
279	0.3614961504936218	0.2744024097919464	-0.08709374070167542
280	0.36138930916786194	0.27418872714042664	-0.0872005820274353
281	0.36128467321395874	0.27397945523262024	-0.0873052179813385
282	0.3611796498298645	0.27376940846443176	-0.08741024136543274
283	0.36106982827186584	0.27354976534843445	-0.0875200629234314
284	0.3609636723995209	0.2733374536037445	-0.08762621879577637
285	0.3608607053756714	0.27313151955604553	-0.08772918581962585
286	0.36075952649116516	0.2729291617870331	-0.08783036470413208
287	0.3606606125831604	0.27273133397102356	-0.08792927861213684
288	0.3605633080005646	0.2725367248058319	-0.08802658319473267
289	0.36046677827835083	0.2723436653614044	-0.08812311291694641
290	0.3603195250034332	0.2720491588115692	-0.08827036619186401
291	0.3602137267589569	0.2718375623226166	-0.08837616443634033
292	0.3601100444793701	0.271630197763443	-0.08847984671592712
293	0.3600097596645355	0.2714296281337738	-0.08858013153076172
294	0.35991257429122925	0.27123525738716125	-0.088677316904068
295	0.3598169982433319	0.2710441052913666	-0.08877289295196533
296	0.3597242534160614	0.27085861563682556	-0.08886563777923584
297	0.35963451862335205	0.27067914605140686	-0.08895537257194519
298	0.35954606533050537	0.2705022394657135	-0.08904382586479187
299	0.35943567752838135	0.27028146386146545	-0.0891542136669159
300	0.35921546816825867	0.2698410451412201	-0.08937442302703857
301	0.3590931296348572	0.2695963680744171	-0.08949676156044006
302	0.3589910864830017	0.2693922817707062	-0.08959880471229553
303	0.3588936924934387	0.2691974937915802	-0.08969619870185852
304	0.3588026762008667	0.26901546120643616	-0.08978721499443054
305	0.35871368646621704	0.26883748173713684	-0.0898762047290802
306	0.35862696170806885	0.26866403222084045	-0.0899629294872284
307	0.35854265093803406	0.2684954106807709	-0.09004724025726318
308	0.3584599494934082	0.26833000779151917	-0.09012994170188904
309	0.35837864875793457	0.2681674063205719	-0.09021124243736267
310	0.3582999110221863	0.2680099308490753	-0.09028998017311096
311	0.3582168221473694	0.26784375309944153	-0.09037306904792786
312	0.358008474111557	0.2674270570278168	-0.09058141708374023
313	0.3489702641963959	0.2493506371974945	-0.09961962699890137
314	0.3419382870197296	0.235286682844162	-0.10665160417556763
315	0.34020256996154785	0.23181524872779846	-0.10838732123374939
316	0.33862608671188354	0.22866228222846985	-0.1099638044834137
317	0.33784952759742737	0.2271091639995575	-0.11074036359786987
318	0.3374307155609131	0.22627153992652893	-0.11115917563438416
319	0.3369048535823822	0.22521981596946716	-0.11168503761291504
320	0.3367091119289398	0.2248283326625824	-0.11188077926635742
321	0.3345242738723755	0.22045865654945374	-0.11406561732292175
322	0.3339617848396301	0.219333678483963	-0.11462810635566711
323	0.3337160050868988	0.21884211897850037	-0.11487388610839844
324	0.33292731642723083	0.21726474165916443	-0.1156625747680664
325	0.3313581347465515	0.2141263782978058	-0.11723175644874573
326	0.3310028314590454	0.21341577172279358	-0.11758705973625183
327	0.33060547709465027	0.2126210629940033	-0.11798441410064697
328	0.33038073778152466	0.21217158436775208	-0.11820915341377258
329	0.3285486102104187	0.20850732922554016	-0.12004128098487854
330	0.32807785272598267	0.2075658142566681	-0.12051203846931458
331	0.3278316557407379	0.2070734202861786	-0.12075823545455933
332	0.3271959125995636	0.20580193400382996	-0.12139397859573364
333	0.32582801580429077	0.2030661404132843	-0.12276187539100647
334	0.32543620467185974	0.20228251814842224	-0.1231536865234375
335	0.32510536909103394	0.20162084698677063	-0.1234845221042633
336	0.32365691661834717	0.1987239420413971	-0.12493297457695007
337	0.32321277260780334	0.19783565402030945	-0.1253771185874939
338	0.3230185806751251	0.197447270154953	-0.12557131052017212
339	0.32226046919822693	0.19593104720115662	-0.1263294219970703
340	0.3211964964866638	0.1938031017780304	-0.12739339470863342
341	0.3208954334259033	0.1932009756565094	-0.12769445776939392
342	0.32030025124549866	0.19201061129570007	-0.12828963994979858
343	0.3192175328731537	0.18984517455101013	-0.12937235832214355
344	0.3188885450363159	0.1891871988773346	-0.12970134615898132
345	0.3184763193130493	0.1883627474308014	-0.13011357188224792
346	0.31737661361694336	0.18616333603858948	-0.13121327757835388
347	0.31704843044281006	0.18550696969032288	-0.13154146075248718
348	0.3167935907840729	0.1849972903728485	-0.13179630041122437
349	0.3156929612159729	0.18279603123664856	-0.13289692997932434
350	0.3153564929962158	0.1821230947971344	-0.13323339819908142
351	0.31517156958580017	0.1817532479763031	-0.13341832160949707
352	0.31499218940734863	0.18139448761940002	-0.1335977017879486
353	0.31481367349624634	0.18103745579719543	-0.1337762176990509
354	0.3141798973083496	0.17976990342140198	-0.13440999388694763
355	0.31349241733551025	0.17839494347572327	-0.135097473859787
356	0.31305769085884094	0.17752549052238464	-0.1355322003364563
357	0.31257325410842896	0.17655661702156067	-0.1360166370868683
358	0.3118903636932373	0.17519083619117737	-0.13669952750205994
359	0.3113716244697571	0.17415335774421692	-0.13721826672554016
360	0.3110162615776062	0.17344263195991516	-0.13757362961769104
361	0.3105703592300415	0.17255082726478577	-0.13801953196525574
362	0.3095738887786865	0.1705578863620758	-0.13901600241661072
363	0.30926480889320374	0.16993972659111023	-0.1393250823020935
364	0.30890241265296936	0.16921493411064148	-0.13968747854232788
365	0.3080175220966339	0.16744515299797058	-0.14057236909866333
366	0.307559072971344	0.16652825474739075	-0.14103081822395325
367	0.30718761682510376	0.16578534245491028	-0.14140227437019348
368	0.3068233132362366	0.1650567352771759	-0.14176657795906067
369	0.3061077892780304	0.16362568736076355	-0.14248210191726685
370	0.30582427978515625	0.16305866837501526	-0.142765611410141
371	0.30510881543159485	0.16162773966789246	-0.1434810757637024
372	0.3045061528682709	0.1604224145412445	-0.14408373832702637
373	0.3041223883628845	0.1596548855304718	-0.14446750283241272
374	0.3038173317909241	0.1590447723865509	-0.14477255940437317
375	0.30323565006256104	0.15788140892982483	-0.1453542411327362
376	0.30258551239967346	0.15658113360404968	-0.14600437879562378
377	0.30230292677879333	0.15601596236228943	-0.1462869644165039
378	0.30176642537117004	0.15494295954704285	-0.1468234658241272
379	0.30118972063064575	0.15378955006599426	-0.1474001705646515
380	0.3007969558238983	0.1530040204524994	-0.14779293537139893
381	0.30054810643196106	0.15250632166862488	-0.14804178476333618
382	0.3000185191631317	0.1514471471309662	-0.14857137203216553
383	0.2994421720504761	0.1502944529056549	-0.14914771914482117
384	0.29916808009147644	0.14974626898765564	-0.1494218111038208
385	0.2982577681541443	0.14792564511299133	-0.15033212304115295
386	0.2977588176727295	0.14692774415016174	-0.15083107352256775
387	0.29716867208480835	0.14574745297431946	-0.1514212191104889
388	0.2966121733188629	0.1446344554424286	-0.15197771787643433
389	0.29597052931785583	0.14335116744041443	-0.1526193618774414
390	0.2953225374221802	0.1420551836490631	-0.15326735377311707
391	0.29460692405700684	0.14062395691871643	-0.1539829671382904
392	0.2938712537288666	0.1391526162624359	-0.15471863746643066
393	0.29308924078941345	0.13758859038352966	-0.1555006504058838
394	0.29258671402931213	0.13658353686332703	-0.1560031771659851
395	0.29203295707702637	0.1354760229587555	-0.15655693411827087
396	0.2914045453071594	0.1342191994190216	-0.15718534588813782
397	0.2909989655017853	0.13340803980827332	-0.15759092569351196
398	0.29024580121040344	0.13190171122550964	-0.1583440899848938
399	0.28977087140083313	0.13095185160636902	-0.1588190197944641
400	0.289350301027298	0.1301107108592987	-0.15923959016799927
401	0.288603812456131	0.12861773371696472	-0.15998607873916626
402	0.2880694568157196	0.12754902243614197	-0.16052043437957764
403	0.2876584827899933	0.12672707438468933	-0.16093140840530396
404	0.28713223338127136	0.12567457556724548	-0.16145765781402588
405	0.28650420904159546	0.12441852688789368	-0.16208568215370178
406	0.2859936058521271	0.12339732050895691	-0.16259628534317017
407	0.2855723202228546	0.12255474925041199	-0.16301757097244263
408	0.28518056869506836	0.12177124619483948	-0.16340932250022888
409	0.2847340404987335	0.1208781898021698	-0.16385585069656372
410	0.28423255681991577	0.1198752224445343	-0.16435733437538147
411	0.2838450074195862	0.11910012364387512	-0.16474488377571106
412	0.2833036184310913	0.11801734566688538	-0.16528627276420593
413	0.2827063202857971	0.116822749376297	-0.16588357090950012
414	0.2822226583957672	0.11585542559623718	-0.16636723279953003
415	0.28185129165649414	0.11511269211769104	-0.1667385995388031
416	0.2814803719520569	0.11437085270881653	-0.16710951924324036
417	0.28084051609039307	0.11309114098548889	-0.16774937510490417
418	0.2803630232810974	0.11213615536689758	-0.16822686791419983
419	0.2799660265445709	0.1113421618938446	-0.16862386465072632
420	0.27961185574531555	0.11063382029533386	-0.1689780354499817
421	0.278958797454834	0.10932770371437073	-0.16963109374046326
422	0.2786141037940979	0.10863831639289856	-0.16997578740119934
423	0.27820131182670593	0.10781273245811462	-0.1703885793685913
424	0.27767303586006165	0.10675618052482605	-0.1709168553352356
425	0.2772238850593567	0.10585787892341614	-0.17136600613594055
426	0.2766629755496979	0.10473605990409851	-0.17192691564559937
427	0.2760428488254547	0.10349580645561218	-0.17254704236984253
428	0.2755587100982666	0.10252752900123596	-0.17303118109703064
429	0.27521345019340515	0.10183700919151306	-0.1733764410018921
430	0.2748090326786041	0.10102817416191101	-0.17378085851669312
431	0.2745020389556885	0.10041418671607971	-0.17408785223960876
432	0.2740990221500397	0.0996081531047821	-0.17449086904525757
433	0.2737497091293335	0.09890952706336975	-0.17484018206596375
434	0.27327993512153625	0.09796997904777527	-0.175309956073761
435	0.2727043926715851	0.09681889414787292	-0.17588549852371216
436	0.2724083364009857	0.0962267816066742	-0.17618155479431152
437	0.27187639474868774	0.09516289830207825	-0.1767134964466095
438	0.2714053690433502	0.0942208468914032	-0.17718452215194702
439	0.271032452583313	0.09347501397132874	-0.17755743861198425
440	0.2707224190235138	0.09285494685173035	-0.17786747217178345
441	0.2702982425689697	0.09200659394264221	-0.17829164862632751
442	0.26997295022010803	0.09135600924491882	-0.1786169409751892
443	0.2695886194705963	0.09058734774589539	-0.17900127172470093
444	0.26906442642211914	0.08953896164894104	-0.1795254647731781
445	0.2687305808067322	0.08887127041816711	-0.17985931038856506
446	0.2683731019496918	0.0881563127040863	-0.18021678924560547
447	0.2680757939815521	0.087561696767807	-0.18051409721374512
448	0.26761943101882935	0.08664897084236145	-0.1809704601764679
449	0.2673290967941284	0.0860683023929596	-0.18126079440116882
450	0.2669011354446411	0.08521237969398499	-0.18168875575065613
451	0.2664044201374054	0.08421894907951355	-0.18218547105789185
452	0.2660325765609741	0.083475261926651	-0.18255731463432312
453	0.26571032404899597	0.0828307569026947	-0.18287956714630127
454	0.2654268741607666	0.08226385712623596	-0.18316301703453064
455	0.26495301723480225	0.08131614327430725	-0.183636873960495
456	0.26450684666633606	0.08042380213737488	-0.18408304452896118
457	0.2641524374485016	0.07971498370170593	-0.18443745374679565
458	0.2638363540172577	0.07908281683921814	-0.18475353717803955
459	0.26350316405296326	0.07841643691062927	-0.18508672714233398
460	0.263196736574173	0.0778035819530487	-0.18539315462112427
461	0.26286470890045166	0.07713952660560608	-0.18572518229484558
462	0.26230743527412415	0.07602497935295105	-0.1862824559211731
463	0.26192331314086914	0.07525673508644104	-0.1866665780544281
464	0.26161664724349976	0.07464340329170227	-0.18697324395179749
465	0.2612634301185608	0.07393696904182434	-0.18732646107673645
466	0.2607484459877014	0.07290700078010559	-0.18784144520759583
467	0.260498046875	0.07240620255470276	-0.18809184432029724
468	0.26007115840911865	0.07155242562294006	-0.1885187327861786
469	0.2596726715564728	0.07075545191764832	-0.18891721963882446
470	0.25935882329940796	0.07012775540351868	-0.18923106789588928
471	0.2590104937553406	0.06943109631538391	-0.18957939743995667
472	0.2586924135684967	0.06879493594169617	-0.18989747762680054
473	0.258420467376709	0.06825104355812073	-0.19016942381858826
474	0.2581048011779785	0.06761971116065979	-0.19048509001731873
475	0.2576671242713928	0.0667443573474884	-0.19092276692390442
476	0.2573108971118927	0.06603190302848816	-0.19127899408340454
477	0.25702357292175293	0.06545725464820862	-0.1915663182735443
478	0.2566976547241211	0.06480541825294495	-0.19189223647117615
479	0.25626131892204285	0.06393274664878845	-0.1923285722732544
480	0.2559686005115509	0.06334730982780457	-0.19262129068374634
481	0.25561532378196716	0.06264075636863708	-0.19297456741333008
482	0.2553579807281494	0.06212607026100159	-0.19323191046714783
483	0.2549675405025482	0.061345189809799194	-0.19362235069274902
484	0.2545780539512634	0.060566216707229614	-0.1940118372440338
485	0.2542656660079956	0.05994144082069397	-0.19432422518730164
486	0.2540105879306793	0.0594312846660614	-0.19457930326461792
487	0.25370416045188904	0.058818429708480835	-0.1948857307434082
488	0.2534458041191101	0.058301717042922974	-0.19514408707618713
489	0.25314661860466003	0.05770334601402283	-0.1954432725906372
490	0.252742201089859	0.056894510984420776	-0.19584769010543823
491	0.2524426281452179	0.05629536509513855	-0.19614726305007935
492	0.2521722614765167	0.055754631757736206	-0.19641762971878052
493	0.251861035823822	0.0551321804523468	-0.19672885537147522
494	0.25145184993743896	0.05431380867958069	-0.19713804125785828
495	0.2512197196483612	0.05384954810142517	-0.19737017154693604
496	0.2509379982948303	0.0532861053943634	-0.19765189290046692
497	0.2507108449935913	0.052831798791885376	-0.19787904620170593
498	0.2503182590007782	0.052046626806259155	-0.19827163219451904
499	0.24997049570083618	0.05135110020637512	-0.19861939549446106
500	0.24968622624874115	0.05078256130218506	-0.1989036649465561
501	0.24886669218540192	0.04914349317550659	-0.19972319900989532
502	0.2485610693693161	0.04853224754333496	-0.20002882182598114
503	0.24832886457443237	0.048067837953567505	-0.20026102662086487
504	0.24800710380077362	0.04742431640625	-0.20058278739452362
505	0.2476568967103958	0.046723902225494385	-0.20093299448490143
506	0.24738004803657532	0.046170204877853394	-0.20120984315872192
507	0.24704720079898834	0.04550451040267944	-0.2015426903963089
508	0.24674072861671448	0.044891566038131714	-0.20184916257858276
509	0.24648314714431763	0.04437640309333801	-0.20210674405097961
510	0.2462497502565384	0.04390960931777954	-0.20234014093875885
511	0.2458437979221344	0.04309770464897156	-0.20274609327316284
512	0.2455654889345169	0.04254108667373657	-0.20302440226078033
513	0.2453256994485855	0.04206150770187378	-0.20326419174671173
514	0.24505862593650818	0.041527360677719116	-0.20353126525878906
515	0.24469932913780212	0.04080876708030701	-0.20389056205749512
516	0.24445697665214539	0.04032406210899353	-0.20413291454315186
517	0.244144469499588	0.039699047803878784	-0.20444542169570923
518	0.24392057955265045	0.03925126791000366	-0.2046693116426468
519	0.243587464094162	0.03858503699302673	-0.20500242710113525
520	0.24325162172317505	0.037913352251052856	-0.2053382694721222
521	0.24298591911792755	0.03738194704055786	-0.2056039720773697
522	0.24278812110424042	0.036986351013183594	-0.20580177009105682
523	0.24250850081443787	0.03642711043357849	-0.20608139038085938
524	0.24220044910907745	0.035811007022857666	-0.2063894420862198
525	0.24194583296775818	0.035301774740219116	-0.20664405822753906
526	0.24164177477359772	0.03469365835189819	-0.20694811642169952
527	0.241378054022789	0.03416621685028076	-0.20721183717250824
528	0.241153284907341	0.033716678619384766	-0.20743660628795624
529	0.24095341563224792	0.03331694006919861	-0.20763647556304932
530	0.24058252573013306	0.03257516026496887	-0.20800736546516418
531	0.24029718339443207	0.032004475593566895	-0.20829270780086517
532	0.2400922179222107	0.031594544649124146	-0.20849767327308655
533	0.23985645174980164	0.03112301230430603	-0.2087334394454956
534	0.23952952027320862	0.030469149351119995	-0.20906037092208862
535	0.23929446935653687	0.02999904751777649	-0.20929542183876038
536	0.23901240527629852	0.029434919357299805	-0.20957748591899872
537	0.23877482116222382	0.02895975112915039	-0.20981507003307343
538	0.23813463747501373	0.027679383754730225	-0.2104552537202835
539	0.2375909984111786	0.026592105627059937	-0.21099889278411865
540	0.23731303215026855	0.026036173105239868	-0.2112768590450287
541	0.23708781599998474	0.02558574080467224	-0.2115020751953125
542	0.23688140511512756	0.025172919034957886	-0.21170848608016968
543	0.23667821288108826	0.024766534566879272	-0.21191167831420898
544	0.236541748046875	0.02449360489845276	-0.21204814314842224
545	0.23635278642177582	0.024115681648254395	-0.21223710477352142
546	0.23593808710575104	0.023286283016204834	-0.2126518040895462
547	0.23575587570667267	0.022921860218048096	-0.21283401548862457
548	0.23557834327220917	0.022566795349121094	-0.21301154792308807
549	0.23540987074375153	0.02222985029220581	-0.21318002045154572
550	0.23515696823596954	0.021724045276641846	-0.2134329229593277
551	0.23479436337947845	0.020998835563659668	-0.2137955278158188
552	0.23456566035747528	0.02054142951965332	-0.21402423083782196
553	0.2342865765094757	0.019983261823654175	-0.21430331468582153
554	0.2340879589319229	0.019586026668548584	-0.21450193226337433
555	0.2338494211435318	0.019108951091766357	-0.21474047005176544
556	0.23348745703697205	0.01838502287864685	-0.2151024341583252
557	0.2328876107931137	0.017185330390930176	-0.21570228040218353
558	0.23267482221126556	0.016759753227233887	-0.21591506898403168
559	0.23249217867851257	0.016394466161727905	-0.21609771251678467
560	0.232335165143013	0.01608043909072876	-0.21625472605228424
561	0.2321229875087738	0.015656083822250366	-0.21646690368652344
562	0.2319224327802658	0.015254974365234375	-0.21666745841503143
563	0.2317286729812622	0.014867454767227173	-0.21686121821403503
564	0.2315249890089035	0.014460086822509766	-0.21706490218639374
565	0.2313249707221985	0.014060050249099731	-0.21726492047309875
566	0.23108938336372375	0.013588875532150269	-0.2175005078315735
567	0.2308841496706009	0.013178408145904541	-0.21770574152469635
568	0.23067612946033478	0.012762367725372314	-0.21791376173496246
569	0.23049819469451904	0.012406498193740845	-0.2180916965007782
570	0.23025470972061157	0.011919528245925903	-0.21833518147468567
571	0.22999277710914612	0.011395663022994995	-0.21859711408615112
572	0.22970496118068695	0.01082003116607666	-0.2188849300146103
573	0.2293771207332611	0.010164350271224976	-0.21921277046203613
574	0.22902341187000275	0.009456932544708252	-0.2195664793252945
575	0.22846372425556183	0.008337557315826416	-0.2201261669397354
576	0.2278788536787033	0.007167816162109375	-0.22071103751659393
577	0.2270333468914032	0.005476802587509155	-0.22155654430389404
578	0.22616946697235107	0.0037490427494049072	-0.22242042422294617
579	0.22536203265190125	0.002134174108505249	-0.223227858543396
580	0.22446055710315704	0.0003312230110168457	-0.2241293340921402
581	0.2234756052494049	-0.0016386806964874268	-0.22511428594589233
582	0.22252517938613892	-0.003539532423019409	-0.22606471180915833
583	0.2216089516878128	-0.005371987819671631	-0.22698093950748444
584	0.22072656452655792	-0.0071367621421813965	-0.22786332666873932
585	0.21987758576869965	-0.00883471965789795	-0.2287123054265976
586	0.21906159818172455	-0.010466694831848145	-0.2295282930135727
587	0.21821996569633484	-0.012149959802627563	-0.2303699254989624
588	0.21734927594661713	-0.013891339302062988	-0.23124061524868011
589	0.21651163697242737	-0.015566617250442505	-0.23207825422286987
590	0.21570666134357452	-0.017176568508148193	-0.23288322985172272
591	0.21493394672870636	-0.01872199773788452	-0.23365594446659088
592	0.21419307589530945	-0.020203739404678345	-0.2343968152999878
593	0.213336780667305	-0.021916329860687256	-0.23525311052799225
594	0.21246905624866486	-0.02365177869796753	-0.23612083494663239
595	0.2116340696811676	-0.025321751832962036	-0.23695582151412964
596	0.21083137392997742	-0.026927143335342407	-0.23775851726531982
597	0.21006065607070923	-0.028468579053878784	-0.238529235124588
598	0.20932134985923767	-0.0299471914768219	-0.23926854133605957
599	0.20861315727233887	-0.03136357665061951	-0.23997673392295837
600	0.20790870487689972	-0.0327724814414978	-0.24068118631839752
601	0.20707568526268005	-0.034438520669937134	-0.2415142059326172
602	0.20627464354038239	-0.03604060411453247	-0.24231524765491486
603	0.2055051624774933	-0.03757956624031067	-0.24308472871780396
604	0.20476682484149933	-0.039056241512298584	-0.2438230663537979
605	0.20405921339988708	-0.04047146439552307	-0.24453067779541016
606	0.20338189601898193	-0.041826099157333374	-0.2452079951763153
607	0.20273445546627045	-0.04312098026275635	-0.2458554357290268
608	0.20201453566551208	-0.04456081986427307	-0.24657535552978516
609	0.20124571025371552	-0.04609847068786621	-0.24734418094158173
610	0.20050761103630066	-0.04757466912269592	-0.24808228015899658
611	0.19979992508888245	-0.04899004101753235	-0.2487899661064148
612	0.19912217557430267	-0.050345540046691895	-0.24946771562099457
613	0.1984739452600479	-0.051642000675201416	-0.25011594593524933
614	0.19785478711128235	-0.052880316972732544	-0.2507351040840149
615	0.1972152441740036	-0.05415940284729004	-0.25137464702129364
616	0.1965091973543167	-0.05557149648666382	-0.25208069384098053
617	0.1957467496395111	-0.057096391916275024	-0.25284314155578613
618	0.1950145959854126	-0.058560699224472046	-0.25357529520988464
619	0.19431231915950775	-0.05996525287628174	-0.2542775720357895
620	0.19363950192928314	-0.06131088733673096	-0.2549503892660141
621	0.19299566745758057	-0.06259855628013611	-0.2555942237377167
622	0.1923798769712448	-0.06383013725280762	-0.25621001422405243
623	0.19162073731422424	-0.06534841656684875	-0.256969153881073
624	0.19039487838745117	-0.0678001344203949	-0.25819501280784607
625	0.1888018697500229	-0.07098615169525146	-0.25978802144527435
626	0.18693910539150238	-0.07471168041229248	-0.26165078580379486
627	0.1849164217710495	-0.07875704765319824	-0.26367346942424774
628	0.18290314078330994	-0.08278360962867737	-0.2656867504119873
629	0.18120652437210083	-0.08617684245109558	-0.2673833668231964
630	0.17997246980667114	-0.08864495158195496	-0.2686174213886261
631	0.17877203226089478	-0.09104582667350769	-0.26981785893440247
632	0.17752905189990997	-0.0935317873954773	-0.27106083929538727
633	0.17614682018756866	-0.09629625082015991	-0.2724430710077286
634	0.1744595170021057	-0.09967085719108582	-0.27413037419319153
635	0.17332550883293152	-0.1019388735294342	-0.2752643823623657
636	0.1722240298986435	-0.10414183139801025	-0.27636586129665375
637	0.171140655875206	-0.10630857944488525	-0.27744923532009125
638	0.16990895569324493	-0.10877197980880737	-0.2786809355020523
639	0.16836023330688477	-0.11186942458152771	-0.2802296578884125
640	0.16732238233089447	-0.1139451265335083	-0.28126750886440277
641	0.16631589829921722	-0.11595809459686279	-0.28227399289608
642	0.1653403490781784	-0.11790919303894043	-0.28324954211711884
643	0.16439539194107056	-0.11979910731315613	-0.2841944992542267
644	0.16343073546886444	-0.12172842025756836	-0.2851591557264328
645	0.16243164241313934	-0.12372660636901855	-0.2861582487821579
646	0.16146311163902283	-0.1256636679172516	-0.2871267795562744
647	0.16052478551864624	-0.12754032015800476	-0.288065105676651
648	0.15961626172065735	-0.12935736775398254	-0.2889736294746399
649	0.1587371528148651	-0.13111558556556702	-0.28985273838043213
650	0.15788710117340088	-0.13281568884849548	-0.29070279002189636
651	0.15706570446491241	-0.1344584822654724	-0.2915241867303848
652	0.1562725454568863	-0.13604480028152466	-0.29231734573841095
653	0.15550729632377625	-0.13757529854774475	-0.293082594871521
654	0.15476949512958527	-0.1390509009361267	-0.293820396065712
655	0.1540451943874359	-0.14049950242042542	-0.29454469680786133
656	0.15325622260570526	-0.14207744598388672	-0.295333668589592
657	0.15249471366405487	-0.1436004638671875	-0.29609517753124237
658	0.1517603099346161	-0.14506927132606506	-0.29682958126068115
659	0.1510525643825531	-0.14648476243019104	-0.29753732681274414
660	0.15037111937999725	-0.14784765243530273	-0.2982187718153
661	0.1497155725955963	-0.14915874600410461	-0.2988743185997009
662	0.14908550679683685	-0.15041887760162354	-0.2995043843984604
663	0.14848054945468903	-0.1516287922859192	-0.3001093417406082
664	0.1479002684354782	-0.15278935432434082	-0.30068962275981903
665	0.14734433591365814	-0.15390121936798096	-0.3012455552816391
666	0.14681226015090942	-0.1549653708934784	-0.3017776310443878
667	0.14630374312400818	-0.15598240494728088	-0.30228614807128906
668	0.14578405022621155	-0.15702179074287415	-0.3028058409690857
669	0.14522847533226013	-0.15813294053077698	-0.3033614158630371
670	0.1446964591741562	-0.15919697284698486	-0.30389343202114105
671	0.1441875845193863	-0.16021472215652466	-0.30440230667591095
672	0.14370153844356537	-0.1611868143081665	-0.3048883527517319
673	0.1432378888130188	-0.16211411356925964	-0.30535200238227844
674	0.14279623329639435	-0.16299742460250854	-0.3057936578989029
675	0.14237624406814575	-0.16383740305900574	-0.3062136471271515
676	0.14197750389575958	-0.16463488340377808	-0.30661238729953766
677	0.14148783683776855	-0.16561421751976013	-0.3071020543575287
678	0.14093855023384094	-0.16671279072761536	-0.3076513409614563
679	0.14040803909301758	-0.16777381300926208	-0.30818185210227966
680	0.1398959457874298	-0.16879799962043762	-0.30869394540786743
681	0.13940203189849854	-0.16978582739830017	-0.3091878592967987
682	0.13892598450183868	-0.17073792219161987	-0.30966390669345856
683	0.1384674459695816	-0.17165499925613403	-0.31012244522571564
684	0.1380261778831482	-0.17253753542900085	-0.31056371331214905
685	0.13760188221931458	-0.1733861267566681	-0.31098800897598267
686	0.13719427585601807	-0.1742013394832611	-0.3113956153392792
687	0.1368030309677124	-0.17498382925987244	-0.31178686022758484
688	0.1364278644323349	-0.17573416233062744	-0.31216202676296234
689	0.13606856763362885	-0.17645275592803955	-0.3125213235616684
690	0.13572478294372559	-0.17714032530784607	-0.31286510825157166
691	0.13539627194404602	-0.1777973473072052	-0.3131936192512512
692	0.1350647509098053	-0.17846038937568665	-0.31352514028549194
693	0.1346222460269928	-0.17934539914131165	-0.31396764516830444
694	0.13429458439350128	-0.18000072240829468	-0.31429530680179596
695	0.1339818239212036	-0.18062624335289001	-0.31460806727409363
696	0.1336837261915207	-0.18122243881225586	-0.31490616500377655
697	0.13340002298355103	-0.1817898452281952	-0.3151898682117462
698	0.13310827314853668	-0.18237334489822388	-0.31548161804676056
699	0.13262751698493958	-0.1833348572254181	-0.31596237421035767
700	0.13236021995544434	-0.18386945128440857	-0.3162296712398529
701	0.1321505755186081	-0.18428874015808105	-0.31643931567668915
702	0.13163092732429504	-0.18532803654670715	-0.3169589638710022
703	0.13146601617336273	-0.18565785884857178	-0.3171238750219345
704	0.1312863975763321	-0.18601709604263306	-0.31730349361896515
705	0.1310589462518692	-0.18647199869155884	-0.31753094494342804
706	0.13093236088752747	-0.1867251694202423	-0.3176575303077698
707	0.13036297261714935	-0.18786394596099854	-0.3182269185781479
708	0.1302693486213684	-0.18805119395256042	-0.31832054257392883
709	0.13011260330677032	-0.1883646845817566	-0.3184772878885269
710	0.1300390064716339	-0.18851187825202942	-0.31855088472366333
711	0.12994442880153656	-0.18870103359222412	-0.3186454623937607
712	0.1298367977142334	-0.18891629576683044	-0.31875309348106384
713	0.12937456369400024	-0.18984076380729675	-0.319215327501297
714	0.12919344007968903	-0.1902030110359192	-0.3193964511156082
715	0.12869660556316376	-0.19119668006896973	-0.3198932856321335
716	0.1285976618528366	-0.19139456748962402	-0.31999222934246063
717	0.12806691229343414	-0.19245606660842896	-0.3205229789018631
718	0.12799027562141418	-0.19260933995246887	-0.32059961557388306
719	0.12780079245567322	-0.1929883062839508	-0.320789098739624
720	0.12741035223007202	-0.1937691867351532	-0.3211795389652252
721	0.1272222399711609	-0.19414541125297546	-0.32136765122413635
722	0.12679800391197205	-0.19499388337135315	-0.3217918872833252
723	0.12667329609394073	-0.19524329900741577	-0.3219165951013565
724	0.1263275295495987	-0.19593483209609985	-0.32226236164569855
725	0.126138836145401	-0.19631221890449524	-0.32245105504989624
726	0.12576061487197876	-0.19706866145133972	-0.3228292763233185
727	0.12564992904663086	-0.19729003310203552	-0.3229399621486664
728	0.12523852288722992	-0.1981128454208374	-0.3233513683080673
729	0.12514841556549072	-0.1982930600643158	-0.3234414756298065
730	0.12494049221277237	-0.1987089067697525	-0.32364939898252487
731	0.12466228008270264	-0.19926533102989197	-0.3239276111125946
732	0.12446168065071106	-0.19966652989387512	-0.3241282105445862
733	0.12415210157632828	-0.20028568804264069	-0.32443778961896896
734	0.12401274591684341	-0.2005643993616104	-0.3245771452784538
735	0.12376842647790909	-0.20105303823947906	-0.32482146471738815
736	0.12357286363840103	-0.20144416391849518	-0.3250170275568962
737	0.12329871952533722	-0.2019924521446228	-0.32529117166996
738	0.12317372113466263	-0.20224244892597198	-0.3254161700606346
739	0.12286989390850067	-0.2028501033782959	-0.32571999728679657
740	0.12275208532810211	-0.20308572053909302	-0.32583780586719513
741	0.12260355800390244	-0.20338277518749237	-0.3259863331913948
742	0.12240112572908401	-0.2037876397371292	-0.3261887654662132
743	0.12222162634134293	-0.2041466385126114	-0.3263682648539543
744	0.12199074774980545	-0.20460839569568634	-0.3265991434454918
745	0.12187887728214264	-0.20483213663101196	-0.3267110139131546
746	0.12161968648433685	-0.20535051822662354	-0.3269702047109604
747	0.12150608748197556	-0.20557771623134613	-0.3270838037133217
748	0.12127258628606796	-0.20604471862316132	-0.3273173049092293
749	0.12113075703382492	-0.2063283771276474	-0.3274591341614723
750	0.12093298882246017	-0.2067239135503769	-0.32765690237283707
751	0.12076472491025925	-0.20706044137477875	-0.327825166285038
752	0.120601586997509	-0.20738671720027924	-0.32798830419778824
753	0.12050621211528778	-0.20757746696472168	-0.32808367908000946
754	0.12026731669902802	-0.2080552577972412	-0.3283225744962692
755	0.12016461044549942	-0.2082606703042984	-0.3284252807497978
756	0.11994412541389465	-0.20870164036750793	-0.3286457657814026
757	0.11981434375047684	-0.20896120369434357	-0.3287755474448204
758	0.11965242773294449	-0.20928503572940826	-0.32893746346235275
759	0.11903316527605057	-0.2105235606431961	-0.3295567259192467
760	0.11888698488473892	-0.2108159214258194	-0.3297029063105583
761	0.11871789395809174	-0.21115410327911377	-0.3298719972372055
762	0.11859939247369766	-0.21139110624790192	-0.3299904987215996
763	0.11821272224187851	-0.21216444671154022	-0.33037716895341873
764	0.1176726445555687	-0.21324460208415985	-0.33091724663972855
765	0.11728827655315399	-0.21401333808898926	-0.33130161464214325
766	0.11716172844171524	-0.21426643431186676	-0.331428162753582
767	0.11708506941795349	-0.21441975235939026	-0.33150482177734375
768	0.11696091294288635	-0.21466806530952454	-0.3316289782524109
769	0.116903156042099	-0.21478357911109924	-0.33168673515319824
770	0.11684727668762207	-0.2148953378200531	-0.33174261450767517
771	0.11679327487945557	-0.2150033414363861	-0.3317966163158417
772	0.11674115061759949	-0.21510758996009827	-0.33184874057769775
773	0.11669085174798965	-0.21520818769931793	-0.3318990394473076
774	0.11663646996021271	-0.21531695127487183	-0.33195342123508453
775	0.11657517403364182	-0.2154395431280136	-0.3320147171616554
776	0.11652545630931854	-0.21553897857666016	-0.3320644348859787
777	0.11647652834653854	-0.21563683450222015	-0.3321133628487587
778	0.11642938107252121	-0.21573112905025482	-0.33216051012277603
779	0.11638399213552475	-0.21582190692424774	-0.3322058990597725
780	0.11634034663438797	-0.2159091979265213	-0.33224954456090927
781	0.11629842966794968	-0.2159930318593979	-0.33229146152734756
782	0.11624498665332794	-0.21609991788864136	-0.3323449045419693
783	0.11587367206811905	-0.21684254705905914	-0.3327162191271782
784	0.11582440882921219	-0.21694107353687286	-0.33276548236608505
785	0.1157768964767456	-0.21703609824180603	-0.33281299471855164
786	0.1157311275601387	-0.21712763607501984	-0.33285876363515854
787	0.11567871272563934	-0.21723246574401855	-0.3329111784696579
788	0.11536983400583267	-0.2178502231836319	-0.33322005718946457
789	0.11530271172523499	-0.21798446774482727	-0.33328717947006226
790	0.11513024568557739	-0.21832939982414246	-0.33345964550971985
791	0.11492693424224854	-0.21873602271080017	-0.3336629569530487
792	0.11473184823989868	-0.21912619471549988	-0.33385804295539856
793	0.11449216306209564	-0.21960556507110596	-0.3340977281332016
794	0.11437427252531052	-0.2198413461446762	-0.3342156186699867
795	0.11409889161586761	-0.220392107963562	-0.3344909995794296
796	0.11402630060911179	-0.22053728997707367	-0.33456359058618546
797	0.11379611492156982	-0.2209976613521576	-0.3347937762737274
798	0.11369950324296951	-0.22119088470935822	-0.33489038795232773
799	0.1134193167090416	-0.22175125777721405	-0.33517057448625565
800	0.1128072515130043	-0.22297538816928864	-0.33578263968229294
801	0.11261481046676636	-0.22336027026176453	-0.3359750807285309
802	0.1121598482131958	-0.22427019476890564	-0.33643004298210144
803	0.111207015812397	-0.22617585957050323	-0.33738287538290024
804	0.110883928835392	-0.22682203352451324	-0.33770596235990524
805	0.11082826554775238	-0.22693336009979248	-0.33776162564754486
806	0.11074993759393692	-0.2270900160074234	-0.3378399536013603
807	0.11063498258590698	-0.22731992602348328	-0.33795490860939026
808	0.11041207611560822	-0.2277657389640808	-0.338177815079689
809	0.11033491790294647	-0.2279200553894043	-0.33825497329235077
810	0.11007867008447647	-0.2284325510263443	-0.33851122111082077
811	0.11003183573484421	-0.22852621972560883	-0.33855805546045303
812	0.10997514426708221	-0.2286396026611328	-0.338614746928215
813	0.1097634956240654	-0.22906289994716644	-0.33882639557123184
814	0.10970696806907654	-0.22917595505714417	-0.3388829231262207
815	0.10946270823478699	-0.22966447472572327	-0.33912718296051025
816	0.10940971225500107	-0.2297704666852951	-0.3391801789402962
817	0.1093585267663002	-0.22987283766269684	-0.33923136442899704
818	0.1093091145157814	-0.22997166216373444	-0.33928077667951584
819	0.10926149040460587	-0.2300669103860855	-0.3393284007906914
820	0.10921558737754822	-0.2301587164402008	-0.339374303817749
821	0.10916520655155182	-0.2302594780921936	-0.3394246846437454
822	0.10902378708124161	-0.23054231703281403	-0.33956610411405563
823	0.10902245342731476	-0.23054498434066772	-0.3395674377679825
824	0.10902136564254761	-0.23054715991020203	-0.33956852555274963
825	0.10902037471532822	-0.2305491417646408	-0.339569516479969
826	0.1090194582939148	-0.23055097460746765	-0.33957043290138245
827	0.10901788622140884	-0.23055411875247955	-0.3395720049738884
828	0.10901719331741333	-0.23055550456047058	-0.3395726978778839
829	0.10901670902967453	-0.23055647313594818	-0.3395731821656227
830	0.10901620984077454	-0.23055747151374817	-0.3395736813545227
831	0.10901592671871185	-0.23055803775787354	-0.3395739644765854
832	0.10901564359664917	-0.2305586040019989	-0.33957424759864807
833	0.10901452600955963	-0.23056083917617798	-0.3395753651857376
834	0.10901409387588501	-0.23056170344352722	-0.33957579731941223
835	0.10901358723640442	-0.2305627167224884	-0.3395763039588928
836	0.10901328176259995	-0.23056332767009735	-0.3395766094326973
837	0.10901309549808502	-0.2305637001991272	-0.3395767956972122
838	0.10901287943124771	-0.23056413233280182	-0.33957701176404953
839	0.10901222378015518	-0.23056544363498688	-0.33957766741514206
840	0.1090114563703537	-0.23056697845458984	-0.33957843482494354
841	0.10901109874248505	-0.23056769371032715	-0.3395787924528122
842	0.109010711312294	-0.23056846857070923	-0.33957917988300323
843	0.10901044309139252	-0.2305690050125122	-0.3395794481039047
844	0.10901009291410446	-0.23056970536708832	-0.3395797982811928
845	0.1090092584490776	-0.23057137429714203	-0.33958063274621964
846	0.10900887101888657	-0.2305721491575241	-0.3395810201764107
847	0.10900849103927612	-0.230572909116745	-0.3395814001560211
848	0.10900836437940598	-0.2305731624364853	-0.33958152681589127
849	0.10900821536779404	-0.23057346045970917	-0.3395816758275032
850	0.10900730639696121	-0.23057527840137482	-0.33958258479833603
851	0.10900691896677017	-0.2305760532617569	-0.33958297222852707
852	0.10900659114122391	-0.23057670891284943	-0.33958330005407333
853	0.10900656133890152	-0.2305767685174942	-0.3395833298563957
854	0.10900653898715973	-0.23057681322097778	-0.3395833522081375
855	0.10900634527206421	-0.23057720065116882	-0.33958354592323303
856	0.10900620371103287	-0.2305774837732315	-0.3395836874842644
857	0.10900607705116272	-0.2305777370929718	-0.3395838141441345
858	0.10900604724884033	-0.23057779669761658	-0.3395838439464569
859	0.109005868434906	-0.23057815432548523	-0.33958402276039124
860	0.10900547355413437	-0.2305789440870285	-0.3395844176411629
861	0.10900464653968811	-0.23058059811592102	-0.33958524465560913
862	0.10900439321994781	-0.2305811047554016	-0.3395854979753494
863	0.10900416225194931	-0.23058156669139862	-0.33958572894334793
864	0.10900405049324036	-0.23058179020881653	-0.3395858407020569
865	0.10900350660085678	-0.23058287799358368	-0.33958638459444046
866	0.1090032160282135	-0.23058345913887024	-0.33958667516708374
867	0.10900289565324783	-0.23058409988880157	-0.3395869955420494
868	0.10900257527828217	-0.2305847406387329	-0.3395873159170151
869	0.10900219529867172	-0.2305855005979538	-0.3395876958966255
870	0.10900193452835083	-0.23058602213859558	-0.3395879566669464
871	0.10900156199932098	-0.23058676719665527	-0.33958832919597626
872	0.10900089889764786	-0.23058809340000153	-0.3395889922976494
873	0.10900039225816727	-0.2305891066789627	-0.33958949893713
874	0.10899994522333145	-0.23059000074863434	-0.3395899459719658
875	0.10899964720010757	-0.2305905967950821	-0.33959024399518967
876	0.10899962484836578	-0.23059064149856567	-0.33959026634693146
877	0.10899931192398071	-0.23059126734733582	-0.33959057927131653
878	0.10899900645017624	-0.23059187829494476	-0.339590884745121
879	0.10899890214204788	-0.23059208691120148	-0.33959098905324936
880	0.1089988574385643	-0.23059217631816864	-0.33959103375673294
881	0.10899853706359863	-0.23059281706809998	-0.3395913541316986
882	0.10899755358695984	-0.23059478402137756	-0.3395923376083374
883	0.10899722576141357	-0.2305954396724701	-0.33959266543388367
884	0.10899710655212402	-0.2305956780910492	-0.3395927846431732
885	0.10899705439805984	-0.23059578239917755	-0.3395928367972374
886	0.10899695008993149	-0.23059599101543427	-0.33959294110536575
887	0.10899632424116135	-0.23059724271297455	-0.3395935669541359
888	0.1089959517121315	-0.23059798777103424	-0.33959393948316574
889	0.10899587720632553	-0.23059813678264618	-0.3395940139889717
890	0.10899578779935837	-0.2305983155965805	-0.3395941033959389
891	0.10899518430233002	-0.2305995225906372	-0.3395947068929672
892	0.10899478197097778	-0.23060032725334167	-0.33959510922431946
893	0.10899443179368973	-0.23060102760791779	-0.3395954594016075
894	0.10899431258440018	-0.2306012660264969	-0.33959557861089706
895	0.1089942529797554	-0.23060138523578644	-0.33959563821554184
896	0.1089942529797554	-0.23060138523578644	-0.33959563821554184
897	0.1089942529797554	-0.23060138523578644	-0.33959563821554184
898	0.1089942529797554	-0.23060138523578644	-0.33959563821554184
899	0.1089942529797554	-0.23060138523578644	-0.33959563821554184
900	0.1089942529797554	-0.23060138523578644	-0.33959563821554184
901	0.1089942529797554	-0.23060138523578644	-0.33959563821554184
902	0.1089942529797554	-0.23060138523578644	-0.33959563821554184
903	0.1089942529797554	-0.23060138523578644	-0.33959563821554184
904	0.1089942529797554	-0.23060138523578644	-0.33959563821554184
905	0.1089942529797554	-0.23060138523578644	-0.33959563821554184
906	0.1089942529797554	-0.23060138523578644	-0.33959563821554184
907	0.1089942529797554	-0.23060138523578644	-0.33959563821554184
908	0.1089942529797554	-0.23060138523578644	-0.33959563821554184
909	0.1089942529797554	-0.23060138523578644	-0.33959563821554184
910	0.1089942529797554	-0.23060138523578644	-0.33959563821554184
911	0.1089942529797554	-0.23060138523578644	-0.33959563821554184
912	0.1089942529797554	-0.23060138523578644	-0.33959563821554184
913	0.1089942529797554	-0.23060138523578644	-0.33959563821554184
914	0.1089942529797554	-0.23060138523578644	-0.33959563821554184
915	0.1089942529797554	-0.23060138523578644	-0.33959563821554184
916	0.1089942529797554	-0.23060138523578644	-0.33959563821554184
917	0.1089942529797554	-0.23060138523578644	-0.33959563821554184
918	0.1089942529797554	-0.23060138523578644	-0.33959563821554184
919	0.1089942529797554	-0.23060138523578644	-0.33959563821554184
920	0.1089942529797554	-0.23060138523578644	-0.33959563821554184
921	0.1089942529797554	-0.23060138523578644	-0.33959563821554184
922	0.1089942529797554	-0.23060138523578644	-0.33959563821554184
923	0.1089942529797554	-0.23060138523578644	-0.33959563821554184
924	0.1089942529797554	-0.23060138523578644	-0.33959563821554184
925	0.1089942529797554	-0.23060138523578644	-0.33959563821554184
926	0.1089942529797554	-0.23060138523578644	-0.33959563821554184
927	0.1089942529797554	-0.23060138523578644	-0.33959563821554184
928	0.1089942529797554	-0.23060138523578644	-0.33959563821554184
929	0.1089942529797554	-0.23060138523578644	-0.33959563821554184
930	0.1089942529797554	-0.23060138523578644	-0.33959563821554184
931	0.1089942529797554	-0.23060138523578644	-0.33959563821554184
932	0.1089942529797554	-0.23060138523578644	-0.33959563821554184
933	0.1089942529797554	-0.23060138523578644	-0.33959563821554184
934	0.1089942529797554	-0.23060138523578644	-0.33959563821554184
935	0.1089942529797554	-0.23060138523578644	-0.33959563821554184
936	0.1089942529797554	-0.23060138523578644	-0.33959563821554184
937	0.1089942529797554	-0.23060138523578644	-0.33959563821554184
938	0.1089942529797554	-0.23060138523578644	-0.33959563821554184
939	0.1089942529797554	-0.23060138523578644	-0.33959563821554184
940	0.1089942529797554	-0.23060138523578644	-0.33959563821554184
941	0.1089942529797554	-0.23060138523578644	-0.33959563821554184
942	0.1089942529797554	-0.23060138523578644	-0.33959563821554184
943	0.1089942529797554	-0.23060138523578644	-0.33959563821554184
944	0.10896209627389908	-0.23066569864749908	-0.33962779492139816
945	0.10896209627389908	-0.23066569864749908	-0.33962779492139816
946	0.10896209627389908	-0.23066569864749908	-0.33962779492139816
947	0.10896209627389908	-0.23066569864749908	-0.33962779492139816
948	0.10896209627389908	-0.23066569864749908	-0.33962779492139816
949	0.10896209627389908	-0.23066569864749908	-0.33962779492139816
950	0.10896209627389908	-0.23066569864749908	-0.33962779492139816
951	0.10896209627389908	-0.23066569864749908	-0.33962779492139816
952	0.10896209627389908	-0.23066569864749908	-0.33962779492139816
953	0.10896209627389908	-0.23066569864749908	-0.33962779492139816
954	0.10896209627389908	-0.23066569864749908	-0.33962779492139816
955	0.10896209627389908	-0.23066569864749908	-0.33962779492139816
956	0.10896209627389908	-0.23066569864749908	-0.33962779492139816
957	0.10896209627389908	-0.23066569864749908	-0.33962779492139816
958	0.10896209627389908	-0.23066569864749908	-0.33962779492139816
959	0.10896209627389908	-0.23066569864749908	-0.33962779492139816
960	0.10896209627389908	-0.23066569864749908	-0.33962779492139816
961	0.10896209627389908	-0.23066569864749908	-0.33962779492139816
962	0.10896209627389908	-0.23066569864749908	-0.33962779492139816
963	0.10896209627389908	-0.23066569864749908	-0.33962779492139816
964	0.10896209627389908	-0.23066569864749908	-0.33962779492139816
965	0.10896209627389908	-0.23066569864749908	-0.33962779492139816
966	0.10896209627389908	-0.23066569864749908	-0.33962779492139816
967	0.10896209627389908	-0.23066569864749908	-0.33962779492139816
968	0.10896209627389908	-0.23066569864749908	-0.33962779492139816
969	0.10896209627389908	-0.23066569864749908	-0.33962779492139816
970	0.10896209627389908	-0.23066569864749908	-0.33962779492139816
971	0.10896209627389908	-0.23066569864749908	-0.33962779492139816
972	0.10896209627389908	-0.23066569864749908	-0.33962779492139816
973	0.10896209627389908	-0.23066569864749908	-0.33962779492139816
974	0.10896209627389908	-0.23066569864749908	-0.33962779492139816
975	0.10896209627389908	-0.23066569864749908	-0.33962779492139816
976	0.10896209627389908	-0.23066569864749908	-0.33962779492139816
977	0.10896209627389908	-0.23066569864749908	-0.33962779492139816
978	0.10896209627389908	-0.23066569864749908	-0.33962779492139816
979	0.10896209627389908	-0.23066569864749908	-0.33962779492139816
980	0.10896209627389908	-0.23066569864749908	-0.33962779492139816
981	0.10896209627389908	-0.23066569864749908	-0.33962779492139816
982	0.10896209627389908	-0.23066569864749908	-0.33962779492139816
983	0.10896209627389908	-0.23066569864749908	-0.33962779492139816
984	0.10896209627389908	-0.23066569864749908	-0.33962779492139816
985	0.10896209627389908	-0.23066569864749908	-0.33962779492139816
986	0.10896209627389908	-0.23066569864749908	-0.33962779492139816
987	0.10896209627389908	-0.23066569864749908	-0.33962779492139816
988	0.10896209627389908	-0.23066569864749908	-0.33962779492139816
989	0.10896209627389908	-0.23066569864749908	-0.33962779492139816
990	0.10896209627389908	-0.23066569864749908	-0.33962779492139816
991	0.10896209627389908	-0.23066569864749908	-0.33962779492139816
992	0.10896209627389908	-0.23066569864749908	-0.33962779492139816
993	0.10896209627389908	-0.23066569864749908	-0.33962779492139816
994	0.10896209627389908	-0.23066569864749908	-0.33962779492139816
995	0.10896209627389908	-0.23066569864749908	-0.33962779492139816
996	0.10896209627389908	-0.23066569864749908	-0.33962779492139816
997	0.10896209627389908	-0.23066569864749908	-0.33962779492139816
998	0.10896209627389908	-0.23066569864749908	-0.33962779492139816
999	0.10896209627389908	-0.23066569864749908	-0.33962779492139816
1000	0.10896209627389908	-0.23066569864749908	-0.33962779492139816

Best Loss: 0.10896209627389908

Training Time (seconds): 321.7272062
