Iteration	Loss (h)	Total Cost (f)	Cost g
1	0.6942110657691956	0.6942110657691956	0
2	0.5754107236862183	0.45661038160324097	-0.1188003420829773
3	0.48395103216171265	0.27369099855422974	-0.2102600336074829
4	0.4362647235393524	0.17831838130950928	-0.25794634222984314
5	0.4301522374153137	0.16609340906143188	-0.26405882835388184
6	0.42931434512138367	0.16441762447357178	-0.2648967206478119
7	0.42859384417533875	0.16297662258148193	-0.2656172215938568
8	0.42829954624176025	0.16238802671432495	-0.2659115195274353
9	0.42787832021713257	0.16154557466506958	-0.266332745552063
10	0.4272996187210083	0.16038817167282104	-0.26691144704818726
11	0.42699992656707764	0.15978878736495972	-0.2672111392021179
12	0.4266904890537262	0.15916991233825684	-0.26752057671546936
13	0.42628151178359985	0.15835195779800415	-0.2679295539855957
14	0.42603108286857605	0.15785109996795654	-0.2681799829006195
15	0.4255635142326355	0.15691596269607544	-0.26864755153656006
16	0.42499658465385437	0.15578210353851318	-0.2692144811153412
17	0.4247429072856903	0.15527474880218506	-0.26946815848350525
18	0.42431673407554626	0.15442240238189697	-0.2698943316936493
19	0.4237729609012604	0.1533348560333252	-0.2704381048679352
20	0.42354345321655273	0.1528758406639099	-0.2706676125526428
21	0.42315009236335754	0.15208911895751953	-0.271060973405838
22	0.42283275723457336	0.15145444869995117	-0.2713783085346222
23	0.4225848913192749	0.15095871686935425	-0.27162617444992065
24	0.4221806228160858	0.15015017986297607	-0.27203044295310974
25	0.4219677746295929	0.14972448348999023	-0.27224329113960266
26	0.4217562973499298	0.14930152893066406	-0.27245476841926575
27	0.42152950167655945	0.14884793758392334	-0.2726815640926361
28	0.4212879240512848	0.14836478233337402	-0.27292314171791077
29	0.42102518677711487	0.14783930778503418	-0.2731858789920807
30	0.4207976460456848	0.14738422632217407	-0.27341341972351074
31	0.42058756947517395	0.14696407318115234	-0.2736234962940216
32	0.4203934669494629	0.14657586812973022	-0.27381759881973267
33	0.42021259665489197	0.14621412754058838	-0.2739984691143036
34	0.4200358986854553	0.1458607316017151	-0.27417516708374023
35	0.41964423656463623	0.1450774073600769	-0.2745668292045593
36	0.4193797707557678	0.1445484757423401	-0.27483129501342773
37	0.41916561126708984	0.14412015676498413	-0.2750454545021057
38	0.41885900497436523	0.1435069441795349	-0.2753520607948303
39	0.4186800718307495	0.14314907789230347	-0.27553099393844604
40	0.4185122549533844	0.14281344413757324	-0.27569881081581116
41	0.41835230588912964	0.14249354600906372	-0.2758587598800659
42	0.41819778084754944	0.14218449592590332	-0.2760132849216461
43	0.4180493950843811	0.14188772439956665	-0.27616167068481445
44	0.41789761185646057	0.14158415794372559	-0.276313453912735
45	0.4175490438938141	0.14088702201843262	-0.27666202187538147
46	0.4173642694950104	0.1405174732208252	-0.2768467962741852
47	0.4170937240123749	0.1399763822555542	-0.2771173417568207
48	0.41684770584106445	0.13948434591293335	-0.2773633599281311
49	0.416652113199234	0.13909316062927246	-0.27755895256996155
50	0.4163702428340912	0.13852941989898682	-0.27784082293510437
51	0.41621243953704834	0.13821381330490112	-0.2779986262321472
52	0.4160611629486084	0.13791126012802124	-0.27814990282058716
53	0.41591569781303406	0.13762032985687256	-0.2782953679561615
54	0.41577568650245667	0.13734030723571777	-0.2784353792667389
55	0.4156367778778076	0.13706248998641968	-0.27857428789138794
56	0.41518551111221313	0.1361599564552307	-0.2790255546569824
57	0.409587562084198	0.12496405839920044	-0.28462350368499756
58	0.40309175848960876	0.11197245121002197	-0.2911193072795868
59	0.402621865272522	0.11103266477584839	-0.2915892004966736
60	0.4019491672515869	0.10968726873397827	-0.29226189851760864
61	0.40146905183792114	0.10872703790664673	-0.2927420139312744
62	0.40120837092399597	0.10820567607879639	-0.2930026948451996
63	0.40050336718559265	0.10679566860198975	-0.2937076985836029
64	0.40024909377098083	0.10628712177276611	-0.2939619719982147
65	0.3995878994464874	0.1049647331237793	-0.29462316632270813
66	0.3993403911590576	0.10446971654891968	-0.29487067461013794
67	0.39872342348098755	0.10323578119277954	-0.295487642288208
68	0.3984829783439636	0.10275489091873169	-0.29572808742523193
69	0.39791008830070496	0.10160911083221436	-0.2963009774684906
70	0.39767709374427795	0.10114312171936035	-0.2965339720249176
71	0.3971482217311859	0.10008537769317627	-0.29706284403800964
72	0.3969224989414215	0.09963393211364746	-0.29728856682777405
73	0.3964381217956543	0.09866517782211304	-0.29777294397354126
74	0.3962191045284271	0.09822714328765869	-0.29799196124076843
75	0.3957786560058594	0.0973462462425232	-0.2984324097633362
76	0.39556729793548584	0.09692353010177612	-0.2986437678337097
77	0.39518243074417114	0.09615379571914673	-0.2990286350250244
78	0.39496397972106934	0.09571689367294312	-0.2992470860481262
79	0.3946366310119629	0.09506219625473022	-0.29957443475723267
80	0.3943942189216614	0.0945773720741272	-0.2998168468475342
81	0.39402666687965393	0.0938422679901123	-0.3001843988895416
82	0.3938552439212799	0.09349942207336426	-0.30035582184791565
83	0.3936924636363983	0.09317386150360107	-0.30051860213279724
84	0.39353227615356445	0.09285348653793335	-0.3006787896156311
85	0.39337584376335144	0.09254062175750732	-0.3008352220058441
86	0.3932240903377533	0.09223711490631104	-0.30098697543144226
87	0.39307329058647156	0.09193551540374756	-0.301137775182724
88	0.3926521837711334	0.09109330177307129	-0.30155888199806213
89	0.39250078797340393	0.0907905101776123	-0.3017102777957916
90	0.3923528492450714	0.09049463272094727	-0.30185821652412415
91	0.39220908284187317	0.09020709991455078	-0.3020019829273224
92	0.39206942915916443	0.0899277925491333	-0.30214163661003113
93	0.3919329345226288	0.08965480327606201	-0.3022781312465668
94	0.3918001353740692	0.08938920497894287	-0.30241093039512634
95	0.39167091250419617	0.08913075923919678	-0.3025401532649994
96	0.3915441632270813	0.08887726068496704	-0.30266690254211426
97	0.391421377658844	0.08863168954849243	-0.30278968811035156
98	0.39130163192749023	0.08839219808578491	-0.3029094338417053
99	0.3911844789981842	0.08815789222717285	-0.30302658677101135
100	0.39107054471969604	0.08793002367019653	-0.3031405210494995
101	0.39095887541770935	0.08770668506622314	-0.3032521903514862
102	0.39085039496421814	0.08748972415924072	-0.3033606708049774
103	0.39074385166168213	0.0872766375541687	-0.3034672141075134
104	0.3905867338180542	0.08696240186691284	-0.30362433195114136
105	0.3904804587364197	0.0867498517036438	-0.3037306070327759
106	0.3903745412826538	0.08653801679611206	-0.30383652448654175
107	0.39027178287506104	0.08633249998092651	-0.3039392828941345
108	0.39017146825790405	0.08613187074661255	-0.3040395975112915
109	0.3900735378265381	0.08593600988388062	-0.30413752794265747
110	0.38997820019721985	0.08574533462524414	-0.3042328655719757
111	0.38988322019577026	0.08555537462234497	-0.3043278455734253
112	0.3897908627986908	0.08537065982818604	-0.30442020297050476
113	0.38970133662223816	0.08519160747528076	-0.3045097291469574
114	0.3896116316318512	0.08501219749450684	-0.30459943413734436
115	0.38932666182518005	0.08444225788116455	-0.3048844039440155
116	0.3890528976917267	0.08389472961425781	-0.30515816807746887
117	0.38886016607284546	0.08350926637649536	-0.3053508996963501
118	0.38854604959487915	0.08288103342056274	-0.3056650161743164
119	0.38841864466667175	0.08262622356414795	-0.3057924211025238
120	0.38808879256248474	0.08196651935577393	-0.3061222732067108
121	0.3879687786102295	0.08172649145126343	-0.30624228715896606
122	0.3875812292098999	0.08095139265060425	-0.30662983655929565
123	0.3874721825122833	0.0807332992553711	-0.30673888325691223
124	0.38736581802368164	0.08052057027816772	-0.3068452477455139
125	0.38726285099983215	0.08031463623046875	-0.3069482147693634
126	0.3871626555919647	0.08011424541473389	-0.30704841017723083
127	0.38706523180007935	0.07991939783096313	-0.3071458339691162
128	0.3869709372520447	0.0797308087348938	-0.3072401285171509
129	0.3868783712387085	0.07954567670822144	-0.30733269453048706
130	0.38678789138793945	0.07936471700668335	-0.3074231743812561
131	0.3866991400718689	0.07918721437454224	-0.30751192569732666
132	0.3866131603717804	0.07901525497436523	-0.30759790539741516
133	0.3865285813808441	0.07884609699249268	-0.30768248438835144
134	0.38644617795944214	0.07868129014968872	-0.3077648878097534
135	0.38636529445648193	0.07851952314376831	-0.3078457713127136
136	0.3862870931625366	0.07836312055587769	-0.30792397260665894
137	0.38621044158935547	0.07820981740951538	-0.3080006241798401
138	0.38613584637641907	0.07806062698364258	-0.3080752193927765
139	0.38606327772140503	0.0779154896736145	-0.3081477880477905
140	0.3859859108924866	0.07776075601577759	-0.308225154876709
141	0.38574478030204773	0.0772784948348999	-0.3084662854671478
142	0.3854995667934418	0.07678806781768799	-0.3087114989757538
143	0.3853697180747986	0.07652837038040161	-0.308841347694397
144	0.3850673735141754	0.07592368125915527	-0.30914369225502014
145	0.38497963547706604	0.07574820518493652	-0.3092314302921295
146	0.3848944306373596	0.07557779550552368	-0.30931663513183594
147	0.3848113417625427	0.07541161775588989	-0.30939972400665283
148	0.38473084568977356	0.07525062561035156	-0.309480220079422
149	0.38465210795402527	0.07509315013885498	-0.3095589578151703
150	0.38457611203193665	0.07494115829467773	-0.3096349537372589
151	0.38450199365615845	0.07479292154312134	-0.3097090721130371
152	0.3844296932220459	0.07464832067489624	-0.30978137254714966
153	0.3843591809272766	0.07450729608535767	-0.30985188484191895
154	0.3842899799346924	0.07436889410018921	-0.3099210858345032
155	0.3842228949069977	0.0742347240447998	-0.3099881708621979
156	0.38415729999542236	0.07410353422164917	-0.3100537657737732
157	0.38409316539764404	0.07397526502609253	-0.3101179003715515
158	0.38403087854385376	0.07385069131851196	-0.3101801872253418
159	0.3839696943759918	0.07372832298278809	-0.31024137139320374
160	0.38391029834747314	0.07360953092575073	-0.3103007674217224
161	0.3838512897491455	0.07349151372909546	-0.31035977602005005
162	0.3837937116622925	0.0733763575553894	-0.3104173541069031
163	0.3837375342845917	0.07326400279998779	-0.3104735314846039
164	0.3836832046508789	0.07315534353256226	-0.31052786111831665
165	0.3836222290992737	0.0730333924293518	-0.3105888366699219
166	0.383372962474823	0.07253485918045044	-0.31083810329437256
167	0.3831627070903778	0.07211434841156006	-0.31104835867881775
168	0.38262152671813965	0.07103198766708374	-0.3115895390510559
169	0.3825424611568451	0.07087385654449463	-0.31166860461235046
170	0.3824652135372162	0.07071936130523682	-0.31174585223197937
171	0.38238993287086487	0.07056879997253418	-0.3118211328983307
172	0.38231682777404785	0.07042258977890015	-0.3118942379951477
173	0.3822450339794159	0.07027900218963623	-0.31196603178977966
174	0.3821757137775421	0.07014036178588867	-0.31203535199165344
175	0.3821079730987549	0.07000488042831421	-0.3121030926704407
176	0.3820418119430542	0.06987255811691284	-0.31216925382614136
177	0.38197749853134155	0.06974393129348755	-0.312233567237854
178	0.3819146156311035	0.06961816549301147	-0.31229645013809204
179	0.38185393810272217	0.06949681043624878	-0.3123571276664734
180	0.38179442286491394	0.06937777996063232	-0.3124166429042816
181	0.3817366659641266	0.06926226615905762	-0.31247439980506897
182	0.38168036937713623	0.0691496729850769	-0.3125306963920593
183	0.38162580132484436	0.06904053688049316	-0.3125852644443512
184	0.38157257437705994	0.06893408298492432	-0.3126384913921356
185	0.38152024149894714	0.06882941722869873	-0.3126908242702484
186	0.38145697116851807	0.06870287656784058	-0.3127540946006775
187	0.38139593601226807	0.06858080625534058	-0.3128151297569275
188	0.38131511211395264	0.06841915845870972	-0.3128959536552429
189	0.38124898076057434	0.06828689575195312	-0.3129620850086212
190	0.38114821910858154	0.06808537244796753	-0.313062846660614
191	0.381043016910553	0.0678749680519104	-0.3131680488586426
192	0.38095003366470337	0.06768900156021118	-0.3132610321044922
193	0.38084107637405396	0.06747108697891235	-0.3133699893951416
194	0.3807465732097626	0.06728208065032959	-0.313464492559433
195	0.380632609128952	0.0670541524887085	-0.31357845664024353
196	0.38056284189224243	0.0669146180152893	-0.3136482238769531
197	0.38046568632125854	0.06672030687332153	-0.313745379447937
198	0.380382239818573	0.06655341386795044	-0.31382882595062256
199	0.3803008496761322	0.06639063358306885	-0.31391021609306335
200	0.38023295998573303	0.06625485420227051	-0.3139781057834625
201	0.3801437020301819	0.06607633829116821	-0.31406736373901367
202	0.3800864815711975	0.06596189737319946	-0.31412458419799805
203	0.38003620505332947	0.06586134433746338	-0.3141748607158661
204	0.379986971616745	0.06576287746429443	-0.31422409415245056
205	0.37993529438972473	0.0656595230102539	-0.3142757713794708
206	0.3798398971557617	0.06546872854232788	-0.31437116861343384
207	0.379792183637619	0.06537330150604248	-0.31441888213157654
208	0.37974584102630615	0.06528061628341675	-0.3144652247428894
209	0.37970080971717834	0.06519055366516113	-0.3145102560520172
210	0.3796577453613281	0.0651044249534607	-0.31455332040786743
211	0.37961554527282715	0.06502002477645874	-0.3145955204963684
212	0.3795747458934784	0.06493842601776123	-0.31463631987571716
213	0.3795349895954132	0.06485891342163086	-0.31467607617378235
214	0.3794965445995331	0.0647820234298706	-0.3147145211696625
215	0.37945833802223206	0.06470561027526855	-0.3147527277469635
216	0.3793797194957733	0.06454837322235107	-0.31483134627342224
217	0.3793330192565918	0.06445497274398804	-0.31487804651260376
218	0.37927454710006714	0.06433802843093872	-0.3149365186691284
219	0.3792211413383484	0.06423121690750122	-0.31498992443084717
220	0.37918394804000854	0.06415683031082153	-0.315027117729187
221	0.37914708256721497	0.06408309936523438	-0.3150639832019806
222	0.3790864646434784	0.06396186351776123	-0.31512460112571716
223	0.379050612449646	0.06389015913009644	-0.31516045331954956
224	0.37901565432548523	0.0638202428817749	-0.3151954114437103
225	0.378982275724411	0.06375348567962646	-0.31522879004478455
226	0.3789494037628174	0.06368774175643921	-0.3152616620063782
227	0.3789178729057312	0.06362468004226685	-0.31529319286346436
228	0.3788870871067047	0.06356310844421387	-0.31532397866249084
229	0.3788486421108246	0.06348621845245361	-0.31536242365837097
230	0.3786361515522003	0.06306123733520508	-0.31557491421699524
231	0.3785984218120575	0.06298577785491943	-0.31561264395713806
232	0.37856218218803406	0.06291329860687256	-0.3156488835811615
233	0.3785274624824524	0.06284385919570923	-0.31568360328674316
234	0.3784915804862976	0.06277209520339966	-0.31571948528289795
235	0.3784567713737488	0.062702476978302	-0.3157542943954468
236	0.3784230947494507	0.06263512372970581	-0.3157879710197449
237	0.37839066982269287	0.06257027387619019	-0.3158203959465027
238	0.3783606290817261	0.06251019239425659	-0.3158504366874695
239	0.3783316910266876	0.06245231628417969	-0.31587937474250793
240	0.37830379605293274	0.06239652633666992	-0.3159072697162628
241	0.37827539443969727	0.062339723110198975	-0.3159356713294983
242	0.3782474398612976	0.06228381395339966	-0.31596362590789795
243	0.3782202899456024	0.06222951412200928	-0.31599077582359314
244	0.37819424271583557	0.062177419662475586	-0.31601682305336
245	0.3781690299510956	0.062126994132995605	-0.3160420358181
246	0.37814486026763916	0.062078654766082764	-0.3160662055015564
247	0.3781213164329529	0.062031567096710205	-0.3160897493362427
248	0.3780995011329651	0.06198793649673462	-0.31611156463623047
249	0.3780781328678131	0.061945199966430664	-0.31613293290138245
250	0.3780568838119507	0.06190270185470581	-0.3161541819572449
251	0.37802961468696594	0.06184816360473633	-0.3161814510822296
252	0.37797462940216064	0.06173819303512573	-0.3162364363670349
253	0.37794288992881775	0.06167471408843994	-0.3162681758403778
254	0.377905011177063	0.06159895658493042	-0.31630605459213257
255	0.37787064909935	0.061530232429504395	-0.3163404166698456
256	0.3778461217880249	0.06148117780685425	-0.31636494398117065
257	0.37781065702438354	0.06141024827957153	-0.316400408744812
258	0.3777892589569092	0.0613674521446228	-0.3164218068122864
259	0.37776869535446167	0.06132632493972778	-0.3164423704147339
260	0.37774983048439026	0.06128859519958496	-0.3164612352848053
261	0.37773141264915466	0.06125175952911377	-0.3164796531200409
262	0.377714067697525	0.06121706962585449	-0.31649699807167053
263	0.3776942789554596	0.06117749214172363	-0.31651678681373596
264	0.3774433732032776	0.06067568063735962	-0.31676769256591797
265	0.3770167827606201	0.05982249975204468	-0.31719428300857544
266	0.37638425827026367	0.05855745077133179	-0.3178268074989319
267	0.3757753372192383	0.057339608669281006	-0.3184357285499573
268	0.3756029009819031	0.056994736194610596	-0.3186081647872925
269	0.37553298473358154	0.05685490369796753	-0.318678081035614
270	0.3754637539386749	0.0567164421081543	-0.31874731183052063
271	0.3753644526004791	0.056517839431762695	-0.31884661316871643
272	0.37462547421455383	0.05503988265991211	-0.3195855915546417
273	0.3743939697742462	0.054576873779296875	-0.31981709599494934
274	0.374185711145401	0.054160356521606445	-0.32002535462379456
275	0.37386974692344666	0.053528428077697754	-0.3203413188457489
276	0.37363743782043457	0.053063809871673584	-0.320573627948761
277	0.37348246574401855	0.05275386571884155	-0.320728600025177
278	0.37331825494766235	0.05242544412612915	-0.3208928108215332
279	0.3729853630065918	0.05175966024398804	-0.32122570276260376
280	0.3725971281528473	0.05098319053649902	-0.32161393761634827
281	0.3722829222679138	0.05035477876663208	-0.32192814350128174
282	0.3721265494823456	0.050042033195495605	-0.32208451628685
283	0.3718458414077759	0.0494806170463562	-0.3223652243614197
284	0.3715199828147888	0.04882889986038208	-0.32269108295440674
285	0.37128856778144836	0.04836606979370117	-0.3229224979877472
286	0.37094736099243164	0.047683656215667725	-0.3232637047767639
287	0.3706810176372528	0.04715096950531006	-0.32353004813194275
288	0.37053751945495605	0.04686397314071655	-0.3236735463142395
289	0.37026649713516235	0.04632192850112915	-0.3239445686340332
290	0.37002304196357727	0.045835018157958984	-0.3241880238056183
291	0.36976340413093567	0.04531574249267578	-0.3244476616382599
292	0.3695259690284729	0.044840872287750244	-0.32468509674072266
293	0.36928072571754456	0.044350385665893555	-0.324930340051651
294	0.36904266476631165	0.043874263763427734	-0.3251684010028839
295	0.3687126338481903	0.04321420192718506	-0.32549843192100525
296	0.3683519661426544	0.04249286651611328	-0.32585909962654114
297	0.3681354820728302	0.042059898376464844	-0.32607558369636536
298	0.36781999468803406	0.04142892360687256	-0.3263910710811615
299	0.3675989806652069	0.04098689556121826	-0.32661208510398865
300	0.36719635128974915	0.040181636810302734	-0.3270147144794464
301	0.3598664104938507	0.02552175521850586	-0.33434465527534485
302	0.35051947832107544	0.006827890872955322	-0.3436915874481201
303	0.34949707984924316	0.0047830939292907715	-0.3447139859199524
304	0.3489079773426056	0.003604888916015625	-0.34530308842658997
305	0.34861207008361816	0.0030130743980407715	-0.3455989956855774
306	0.34816911816596985	0.0021271705627441406	-0.3460419476032257
307	0.34744060039520264	0.0006701350212097168	-0.3467704653739929
308	0.34718647599220276	0.00016188621520996094	-0.3470245897769928
309	0.3466624915599823	-0.000886082649230957	-0.34754857420921326
310	0.34490808844566345	-0.004394888877868652	-0.3493029773235321
311	0.34336140751838684	-0.007488250732421875	-0.3508496582508087
312	0.342344731092453	-0.00952160358428955	-0.35186633467674255
313	0.34177252650260925	-0.01066601276397705	-0.3524385392665863
314	0.34108564257621765	-0.012039780616760254	-0.3531254231929779
315	0.340553343296051	-0.013104379177093506	-0.35365772247314453
316	0.34017062187194824	-0.013869822025299072	-0.3540404438972473
317	0.3398372530937195	-0.014536559581756592	-0.3543738126754761
318	0.33930376172065735	-0.01560354232788086	-0.3549073040485382
319	0.33760884404182434	-0.018993377685546875	-0.3566022217273712
320	0.33654385805130005	-0.02112334966659546	-0.3576672077178955
321	0.33593302965164185	-0.022345006465911865	-0.3582780361175537
322	0.335396945476532	-0.023417174816131592	-0.3588141202926636
323	0.33491837978363037	-0.024374306201934814	-0.3592926859855652
324	0.33458343148231506	-0.02504420280456543	-0.3596276342868805
325	0.33373740315437317	-0.02673625946044922	-0.3604736626148224
326	0.33255085349082947	-0.02910935878753662	-0.3616602122783661
327	0.3317560851573944	-0.03069889545440674	-0.36245498061180115
328	0.3313082158565521	-0.03159463405609131	-0.36290284991264343
329	0.330585777759552	-0.03303951025009155	-0.36362528800964355
330	0.32944455742836	-0.035321950912475586	-0.36476650834083557
331	0.3286500871181488	-0.03691089153289795	-0.36556097865104675
332	0.32819780707359314	-0.03781545162200928	-0.3660132586956024
333	0.3277127146720886	-0.03878563642501831	-0.36649835109710693
334	0.32659924030303955	-0.041012585163116455	-0.367611825466156
335	0.3258296847343445	-0.04255169630050659	-0.3683813810348511
336	0.3253421485424042	-0.04352676868438721	-0.3688689172267914
337	0.324676513671875	-0.04485803842544556	-0.36953455209732056
338	0.32433179020881653	-0.0455474853515625	-0.36987927556037903
339	0.3235156834125519	-0.0471796989440918	-0.3706953823566437
340	0.3225628435611725	-0.049085378646850586	-0.37164822220802307
341	0.32193028926849365	-0.05035048723220825	-0.3722807765007019
342	0.32150426506996155	-0.05120253562927246	-0.372706800699234
343	0.3208179771900177	-0.052575111389160156	-0.37339308857917786
344	0.3205494284629822	-0.0531122088432312	-0.3736616373062134
345	0.3199043571949005	-0.05440235137939453	-0.37430670857429504
346	0.319274365901947	-0.055662333965301514	-0.37493669986724854
347	0.3181719183921814	-0.057867228984832764	-0.37603914737701416
348	0.3168265223503113	-0.060558021068573	-0.3773845434188843
349	0.31604811549186707	-0.062114834785461426	-0.3781629502773285
350	0.31554827094078064	-0.06311452388763428	-0.3786627948284149
351	0.31505975127220154	-0.06409156322479248	-0.379151314496994
352	0.31405988335609436	-0.06609129905700684	-0.3801511824131012
353	0.31333649158477783	-0.06753808259963989	-0.3808745741844177
354	0.3128555417060852	-0.06849998235702515	-0.38135552406311035
355	0.31220850348472595	-0.06979405879974365	-0.3820025622844696
356	0.3118126094341278	-0.07058584690093994	-0.38239845633506775
357	0.3110542297363281	-0.0721026062965393	-0.38315683603286743
358	0.3101795017719269	-0.0738520622253418	-0.3840315639972687
359	0.30957314372062683	-0.0750647783279419	-0.3846379220485687
360	0.30915069580078125	-0.07590967416763306	-0.3850603699684143
361	0.30848079919815063	-0.07724946737289429	-0.3857302665710449
362	0.3081786632537842	-0.0778537392616272	-0.3860324025154114
363	0.3075508773326874	-0.0791093111038208	-0.3866601884365082
364	0.3070053458213806	-0.08020037412643433	-0.38720571994781494
365	0.306033194065094	-0.08214467763900757	-0.38817787170410156
366	0.30531683564186096	-0.08357739448547363	-0.3888942301273346
367	0.3048650622367859	-0.08448094129562378	-0.38934600353240967
368	0.3043123781681061	-0.0855863094329834	-0.3898986876010895
369	0.3034146726131439	-0.08738172054290771	-0.39079639315605164
370	0.30277392268180847	-0.08866322040557861	-0.3914371430873871
371	0.30237525701522827	-0.08946055173873901	-0.3918358087539673
372	0.3017100691795349	-0.09079092741012573	-0.39250099658966064
373	0.3013615012168884	-0.0914880633354187	-0.39284956455230713
374	0.30055782198905945	-0.09309542179107666	-0.3936532437801361
375	0.2997772693634033	-0.09465652704238892	-0.39443379640579224
376	0.2992463707923889	-0.09571832418441772	-0.39496469497680664
377	0.29890960454940796	-0.09639185667037964	-0.3953014612197876
378	0.2982180118560791	-0.09777504205703735	-0.39599305391311646
379	0.29784390330314636	-0.09852325916290283	-0.3963671624660492
380	0.29679766297340393	-0.1006157398223877	-0.3974134027957916
381	0.2958047091960907	-0.10260164737701416	-0.39840635657310486
382	0.2951214909553528	-0.10396808385848999	-0.3990895748138428
383	0.2946585714817047	-0.10489392280578613	-0.39955249428749084
384	0.29398924112319946	-0.10623258352279663	-0.4002218246459961
385	0.29333820939064026	-0.10753464698791504	-0.4008728563785553
386	0.2928563058376312	-0.1084984540939331	-0.40135475993156433
387	0.2924177646636963	-0.10937553644180298	-0.40179330110549927
388	0.2915582060813904	-0.1110946536064148	-0.4026528596878052
389	0.2909257709980011	-0.11235952377319336	-0.40328529477119446
390	0.29048222303390503	-0.1132466197013855	-0.4037288427352905
391	0.28987303376197815	-0.11446499824523926	-0.4043380320072174
392	0.28948837518692017	-0.11523431539535522	-0.4047226905822754
393	0.2888279855251312	-0.1165550947189331	-0.40538308024406433
394	0.28807103633880615	-0.11806899309158325	-0.4061400294303894
395	0.2875404357910156	-0.1191301941871643	-0.40667062997817993
396	0.2871616780757904	-0.11988770961761475	-0.40704938769340515
397	0.28652018308639526	-0.12117069959640503	-0.4076908826828003
398	0.2861829996109009	-0.1218450665473938	-0.4080280661582947
399	0.28562796115875244	-0.12295514345169067	-0.4085831046104431
400	0.2851763069629669	-0.12385845184326172	-0.40903475880622864
401	0.2848653793334961	-0.12448030710220337	-0.40934568643569946
402	0.28403034806251526	-0.12615036964416504	-0.4101807177066803
403	0.2833547294139862	-0.12750160694122314	-0.41085633635520935
404	0.28290337324142456	-0.12840431928634644	-0.411307692527771
405	0.2825522720813751	-0.1291065216064453	-0.41165879368782043
406	0.28151407837867737	-0.13118290901184082	-0.4126969873905182
407	0.28054744005203247	-0.13311618566513062	-0.4136636257171631
408	0.2800735831260681	-0.13406389951705933	-0.41413748264312744
409	0.2797485291957855	-0.1347140073776245	-0.41446253657341003
410	0.27855202555656433	-0.1371070146560669	-0.4156590402126312
411	0.26704150438308716	-0.16012805700302124	-0.4271695613861084
412	0.2587737441062927	-0.1766635775566101	-0.43543732166290283
413	0.2518254518508911	-0.19056016206741333	-0.44238561391830444
414	0.24669405817985535	-0.20082294940948486	-0.4475170075893402
415	0.24410758912563324	-0.20599588751792908	-0.4501034766435623
416	0.24222414195537567	-0.2097627818584442	-0.4519869238138199
417	0.24071675539016724	-0.21277755498886108	-0.4534943103790283
418	0.2390775829553604	-0.21605589985847473	-0.45513348281383514
419	0.23584437370300293	-0.2225223183631897	-0.4583666920661926
420	0.21748439967632294	-0.2592422664165497	-0.4767266660928726
421	0.2115422636270523	-0.27112653851509094	-0.48266880214214325
422	0.20902889966964722	-0.2761532664299011	-0.48518216609954834
423	0.206750750541687	-0.28070956468582153	-0.48746031522750854
424	0.20484362542629242	-0.2845238149166107	-0.48936744034290314
425	0.20206499099731445	-0.29008108377456665	-0.4921460747718811
426	0.18624427914619446	-0.32172250747680664	-0.5079667866230011
427	0.18055284023284912	-0.3331053853034973	-0.5136582255363464
428	0.17640726268291473	-0.3413965404033661	-0.5178038030862808
429	0.16166631877422333	-0.3708784282207489	-0.5325447469949722
430	0.15865066647529602	-0.3769097328186035	-0.5355603992938995
431	0.1559349000453949	-0.38234126567840576	-0.5382761657238007
432	0.15332069993019104	-0.3875696659088135	-0.5408903658390045
433	0.1478438377380371	-0.39852339029312134	-0.5463672280311584
434	0.13742953538894653	-0.4193519949913025	-0.556781530380249
435	0.1345655471086502	-0.42507997155189514	-0.5596455186605453
436	0.1287117600440979	-0.43678754568099976	-0.5654993057250977
437	0.12094368040561676	-0.45232370495796204	-0.5732673853635788
438	0.11880483478307724	-0.4566013962030411	-0.5754062309861183
439	0.11585571616888046	-0.46249963343143463	-0.5783553496003151
440	0.10780955851078033	-0.4785919487476349	-0.5864015072584152
441	0.10555434972047806	-0.48310236632823944	-0.5886567160487175
442	0.1022157371044159	-0.48977959156036377	-0.5919953286647797
443	0.09652731567621231	-0.5011564344167709	-0.5976837500929832
444	0.09476657211780548	-0.5046779215335846	-0.5994444936513901
445	0.09289614111185074	-0.5084187835454941	-0.6013149246573448
446	0.0870174765586853	-0.520176112651825	-0.6071935892105103
447	0.08495896309614182	-0.5242931395769119	-0.6092521026730537
448	0.08063597232103348	-0.5329391211271286	-0.6135750934481621
449	0.07858030498027802	-0.5370504558086395	-0.6156307607889175
450	0.07743499428033829	-0.539341077208519	-0.6167760714888573
451	0.07334572821855545	-0.5475196093320847	-0.6208653375506401
452	0.07221660763025284	-0.5497778505086899	-0.6219944581389427
453	0.06944762170314789	-0.5553158223628998	-0.6247634440660477
454	0.06821297109127045	-0.5577851235866547	-0.6259980946779251
455	0.06724604964256287	-0.5597189664840698	-0.6269650161266327
456	0.06641214340925217	-0.5613867789506912	-0.6277989223599434
457	0.06567516177892685	-0.5628607422113419	-0.6285359039902687
458	0.06507895886898041	-0.5640531480312347	-0.6291321069002151
459	0.06445475667715073	-0.5653015524148941	-0.6297563090920448
460	0.06407738476991653	-0.5660562962293625	-0.630133680999279
461	0.0636628195643425	-0.5668854266405106	-0.6305482462048531
462	0.06326384842395782	-0.5676833689212799	-0.6309472173452377
463	0.061648882925510406	-0.5709132999181747	-0.6325621828436852
464	0.060132697224617004	-0.5739456713199615	-0.6340783685445786
465	0.058420825749635696	-0.5773694142699242	-0.6357902400195599
466	0.05735988914966583	-0.5794912874698639	-0.6368511766195297
467	0.056571073830127716	-0.5810689181089401	-0.6376399919390678
468	0.05643276125192642	-0.5813455432653427	-0.6377783045172691
469	0.056331977248191833	-0.5815471112728119	-0.6378790885210037
470	0.056235961616039276	-0.581739142537117	-0.6379751041531563
471	0.056144654750823975	-0.5819217562675476	-0.6380664110183716
472	0.05605752021074295	-0.5820960253477097	-0.6381535455584526
473	0.05597423017024994	-0.5822626054286957	-0.6382368355989456
474	0.05589514970779419	-0.5824207663536072	-0.6383159160614014
475	0.05581914260983467	-0.5825727805495262	-0.6383919231593609
476	0.05574411898851395	-0.5827228277921677	-0.6384669467806816
477	0.0556567944586277	-0.5828974768519402	-0.6385542713105679
478	0.055335015058517456	-0.5835410356521606	-0.6388760507106781
479	0.054858312010765076	-0.5844944417476654	-0.6393527537584305
480	0.05477678030729294	-0.5846575051546097	-0.6394342854619026
481	0.05469780042767525	-0.5848154649138451	-0.6395132653415203
482	0.0546259768307209	-0.5849591121077538	-0.6395850889384747
483	0.05455837398767471	-0.5850943177938461	-0.6396526917815208
484	0.05449507385492325	-0.5852209180593491	-0.6397159919142723
485	0.054435230791568756	-0.585340604186058	-0.6397758349776268
486	0.05437955632805824	-0.5854519531130791	-0.6398315094411373
487	0.0543278343975544	-0.5855553969740868	-0.6398832313716412
488	0.05428026616573334	-0.5856505334377289	-0.6399307996034622
489	0.054231274873018265	-0.585748516023159	-0.6399797908961773
490	0.05418518930673599	-0.5858406871557236	-0.6400258764624596
491	0.054143015295267105	-0.5859250351786613	-0.6400680504739285
492	0.054104454815387726	-0.5860021561384201	-0.6401066109538078
493	0.054069411009550095	-0.5860722437500954	-0.6401416547596455
494	0.05403759330511093	-0.5861358791589737	-0.6401734724640846
495	0.05400826781988144	-0.5861945301294327	-0.6402027979493141
496	0.053981978446245193	-0.5862471088767052	-0.6402290873229504
497	0.05395892634987831	-0.5862932130694389	-0.6402521394193172
498	0.053937364369630814	-0.5863363370299339	-0.6402737013995647
499	0.053705569356679916	-0.5867999270558357	-0.6405054964125156
500	0.05340487137436867	-0.5874013230204582	-0.6408061943948269
501	0.053147803992033005	-0.5879154577851295	-0.6410632617771626
502	0.053090501576662064	-0.5880300626158714	-0.6411205641925335
503	0.052851226180791855	-0.5885086134076118	-0.6413598395884037
504	0.05267449468374252	-0.5888620764017105	-0.641536571085453
505	0.05255900323390961	-0.5890930593013763	-0.641652062535286
506	0.05248865857720375	-0.589233748614788	-0.6417224071919918
507	0.05243143439292908	-0.5893481969833374	-0.6417796313762665
508	0.05239735543727875	-0.5894163548946381	-0.6418137103319168
509	0.052376843988895416	-0.5894573777914047	-0.6418342217803001
510	0.052359096705913544	-0.5894928723573685	-0.641851969063282
511	0.05234394967556	-0.5895231664180756	-0.6418671160936356
512	0.05233113467693329	-0.589548796415329	-0.6418799310922623
513	0.05231356993317604	-0.5895839259028435	-0.6418974958360195
514	0.052244335412979126	-0.5897223949432373	-0.6419667303562164
515	0.052213676273822784	-0.58978371322155	-0.6419973894953728
516	0.05218727886676788	-0.5898365080356598	-0.6420237869024277
517	0.05216255784034729	-0.589885950088501	-0.6420485079288483
518	0.052140504121780396	-0.5899300575256348	-0.6420705616474152
519	0.05211986228823662	-0.5899713411927223	-0.6420912034809589
520	0.05191506817936897	-0.5903809294104576	-0.6422959975898266
521	0.051594238728284836	-0.5910225883126259	-0.6426168270409107
522	0.05141901597380638	-0.5913730338215828	-0.6427920497953892
523	0.05086786299943924	-0.5924753397703171	-0.6433432027697563
524	0.05084126442670822	-0.5925285369157791	-0.6433698013424873
525	0.050822097808122635	-0.5925668701529503	-0.6433889679610729
526	0.05080340802669525	-0.592604249715805	-0.6434076577425003
527	0.05078558251261711	-0.5926399007439613	-0.6434254832565784
528	0.05076974630355835	-0.5926715731620789	-0.6434413194656372
529	0.050756338983774185	-0.5926983878016472	-0.6434547267854214
530	0.05072968825697899	-0.5927516892552376	-0.6434813775122166
531	0.05071645230054855	-0.5927781611680984	-0.643494613468647
532	0.05070386454463005	-0.5928033366799355	-0.6435072012245655
533	0.05067746341228485	-0.5928561389446259	-0.6435336023569107
534	0.0506659559905529	-0.5928791537880898	-0.6435451097786427
535	0.050639521330595016	-0.5929320231080055	-0.6435715444386005
536	0.05062895268201828	-0.592953160405159	-0.6435821130871773
537	0.05061880871653557	-0.5929734483361244	-0.64359225705266
538	0.05059215426445007	-0.5930267572402954	-0.6436189115047455
539	0.05058389529585838	-0.5930432751774788	-0.6436271704733372
540	0.05057810992002487	-0.5930548459291458	-0.6436329558491707
541	0.05057458579540253	-0.5930618941783905	-0.643636479973793
542	0.050572268664836884	-0.5930665284395218	-0.6436387971043587
543	0.050570033490657806	-0.5930709987878799	-0.6436410322785378
544	0.05056862160563469	-0.5930738225579262	-0.6436424441635609
545	0.05056729540228844	-0.5930764749646187	-0.6436437703669071
546	0.0505664125084877	-0.5930782407522202	-0.6436446532607079
547	0.05056588724255562	-0.5930792912840843	-0.6436451785266399
548	0.050565361976623535	-0.5930803418159485	-0.643645703792572
549	0.05056503415107727	-0.593080997467041	-0.6436460316181183
550	0.0505647249519825	-0.5930816158652306	-0.6436463408172131
551	0.050564415752887726	-0.5930822342634201	-0.6436466500163078
552	0.05056411027908325	-0.593082845211029	-0.6436469554901123
553	0.05056380853056908	-0.5930834487080574	-0.6436472572386265
554	0.0505635067820549	-0.5930840522050858	-0.6436475589871407
555	0.050563324242830276	-0.593084417283535	-0.6436477415263653
556	0.050563156604766846	-0.5930847525596619	-0.6436479091644287
557	0.05056314170360565	-0.5930847823619843	-0.6436479240655899
558	0.05056312680244446	-0.5930848121643066	-0.6436479389667511
559	0.050563111901283264	-0.593084841966629	-0.6436479538679123
560	0.05056309327483177	-0.593084879219532	-0.6436479724943638
561	0.05056307837367058	-0.5930849090218544	-0.643647987395525
562	0.050563059747219086	-0.5930849462747574	-0.6436480060219765
563	0.05056304484605789	-0.5930849760770798	-0.6436480209231377
564	0.0505630299448967	-0.5930850058794022	-0.6436480358242989
565	0.050563011318445206	-0.5930850431323051	-0.6436480544507504
566	0.05056299641728401	-0.5930850729346275	-0.6436480693519115
567	0.05056298151612282	-0.5930851027369499	-0.6436480842530727
568	0.050562966614961624	-0.5930851325392723	-0.6436480991542339
569	0.05056295171380043	-0.5930851623415947	-0.6436481140553951
570	0.05056293308734894	-0.5930851995944977	-0.6436481326818466
571	0.05056291073560715	-0.5930852442979813	-0.6436481550335884
572	0.05056288465857506	-0.5930852964520454	-0.6436481811106205
573	0.05056285858154297	-0.5930853486061096	-0.6436482071876526
574	0.05056283622980118	-0.5930853933095932	-0.6436482295393944
575	0.05056281015276909	-0.5930854454636574	-0.6436482556164265
576	0.050562784075737	-0.5930854976177216	-0.6436482816934586
577	0.05056275799870491	-0.5930855497717857	-0.6436483077704906
578	0.05056272819638252	-0.5930856093764305	-0.643648337572813
579	0.05056270584464073	-0.5930856540799141	-0.6436483599245548
580	0.05056268349289894	-0.5930856987833977	-0.6436483822762966
581	0.05056265369057655	-0.5930857583880424	-0.643648412078619
582	0.05056263133883476	-0.593085803091526	-0.6436484344303608
583	0.050562601536512375	-0.5930858626961708	-0.6436484642326832
584	0.05056257173418999	-0.5930859223008156	-0.6436484940350056
585	0.050562530755996704	-0.5930860042572021	-0.6436485350131989
586	0.05056248605251312	-0.5930860936641693	-0.6436485797166824
587	0.05056244507431984	-0.5930861756205559	-0.6436486206948757
588	0.05056240037083626	-0.593086265027523	-0.6436486653983593
589	0.05056236311793327	-0.593086339533329	-0.6436487026512623
590	0.05056231841444969	-0.5930864289402962	-0.6436487473547459
591	0.05056227371096611	-0.5930865183472633	-0.6436487920582294
592	0.05056223273277283	-0.5930866003036499	-0.6436488330364227
593	0.050562191754579544	-0.5930866822600365	-0.643648874014616
594	0.05056213587522507	-0.5930867940187454	-0.6436489298939705
595	0.05056208744645119	-0.5930868908762932	-0.6436489783227444
596	0.05056203529238701	-0.5930869951844215	-0.6436490304768085
597	0.05056197568774223	-0.5930871143937111	-0.6436490900814533
598	0.05056192725896835	-0.5930872112512589	-0.6436491385102272
599	0.050561875104904175	-0.5930873155593872	-0.6436491906642914
600	0.0505618192255497	-0.5930874273180962	-0.6436492465436459
601	0.05056174471974373	-0.5930875763297081	-0.6436493210494518
602	0.05056167021393776	-0.59308772534132	-0.6436493955552578
603	0.05056158825755119	-0.5930878892540932	-0.6436494775116444
604	0.050561513751745224	-0.5930880382657051	-0.6436495520174503
605	0.05056143179535866	-0.5930882021784782	-0.6436496339738369
606	0.050561342388391495	-0.5930883809924126	-0.6436497233808041
607	0.050561241805553436	-0.5930885821580887	-0.6436498239636421
608	0.05056114122271538	-0.5930887833237648	-0.6436499245464802
609	0.05056103691458702	-0.5930889919400215	-0.6436500288546085
610	0.050560932606458664	-0.5930892005562782	-0.6436501331627369
611	0.05056081339716911	-0.5930894389748573	-0.6436502523720264
612	0.050560690462589264	-0.593089684844017	-0.6436503753066063
613	0.05056057870388031	-0.5930899083614349	-0.6436504870653152
614	0.05056045576930046	-0.5930901542305946	-0.6436506099998951
615	0.050560325384140015	-0.5930904150009155	-0.6436507403850555
616	0.05056019499897957	-0.5930906757712364	-0.643650870770216
617	0.050560060888528824	-0.5930909439921379	-0.6436510048806667
618	0.050559889525175095	-0.5930912867188454	-0.6436511762440205
619	0.050559721887111664	-0.5930916219949722	-0.6436513438820839
620	0.05055951699614525	-0.5930920317769051	-0.6436515487730503
621	0.05055927857756615	-0.5930925086140633	-0.6436517871916294
622	0.05055905878543854	-0.5930929481983185	-0.643652006983757
623	0.05055884271860123	-0.5930933803319931	-0.6436522230505943
624	0.05055860057473183	-0.5930938646197319	-0.6436524651944637
625	0.050558339804410934	-0.5930943861603737	-0.6436527259647846
626	0.050558026880025864	-0.5930950120091438	-0.6436530388891697
627	0.0505576953291893	-0.593095675110817	-0.6436533704400063
628	0.05055732652544975	-0.593096412718296	-0.6436537392437458
629	0.05055408179759979	-0.593102902173996	-0.6436569839715958
630	0.050545141100883484	-0.5931207835674286	-0.6436659246683121
631	0.050534214824438095	-0.5931426361203194	-0.6436768509447575
632	0.05050103738903999	-0.5932089909911156	-0.6437100283801556
633	0.05045522749423981	-0.5933006107807159	-0.6437558382749557
634	0.05039260536432266	-0.5934258550405502	-0.6438184604048729
635	0.05034502595663071	-0.5935210138559341	-0.6438660398125648
636	0.05032077804207802	-0.5935695096850395	-0.6438902877271175
637	0.05022004619240761	-0.5937709733843803	-0.643991019576788
638	0.05015549436211586	-0.5939000770449638	-0.6440555714070797
639	0.05013476312160492	-0.5939415395259857	-0.6440763026475906
640	0.05004004016518593	-0.5941309854388237	-0.6441710256040096
641	0.050039712339639664	-0.5941316410899162	-0.6441713534295559
642	0.050039391964673996	-0.5941322818398476	-0.6441716738045216
643	0.05003907158970833	-0.5941329225897789	-0.6441719941794872
644	0.05003904923796654	-0.5941329672932625	-0.644172016531229
645	0.050039034336805344	-0.5941329970955849	-0.6441720314323902
646	0.05003902316093445	-0.5941330194473267	-0.6441720426082611
647	0.050039008259773254	-0.594133049249649	-0.6441720575094223
648	0.05003899335861206	-0.5941330790519714	-0.6441720724105835
649	0.050038982182741165	-0.5941331014037132	-0.6441720835864544
650	0.05003897100687027	-0.594133123755455	-0.6441720947623253
651	0.050038956105709076	-0.5941331535577774	-0.6441721096634865
652	0.05003894120454788	-0.5941331833600998	-0.6441721245646477
653	0.05003893002867699	-0.5941332057118416	-0.6441721357405186
654	0.05003891885280609	-0.5941332280635834	-0.6441721469163895
655	0.0500389039516449	-0.5941332578659058	-0.6441721618175507
656	0.050038885325193405	-0.5941332951188087	-0.6441721804440022
657	0.05003887414932251	-0.5941333174705505	-0.644172191619873
658	0.050038862973451614	-0.5941333398222923	-0.6441722027957439
659	0.05003884807229042	-0.5941333696246147	-0.6441722176969051
660	0.050038836896419525	-0.5941333919763565	-0.644172228872776
661	0.05003882572054863	-0.5941334143280983	-0.6441722400486469
662	0.050038810819387436	-0.5941334441304207	-0.6441722549498081
663	0.05003879964351654	-0.5941334664821625	-0.644172266125679
664	0.050038788467645645	-0.5941334888339043	-0.6441722773015499
665	0.05003877356648445	-0.5941335186362267	-0.6441722922027111
666	0.050038762390613556	-0.5941335409879684	-0.644172303378582
667	0.05003875121474266	-0.5941335633397102	-0.6441723145544529
668	0.050038740038871765	-0.594133585691452	-0.6441723257303238
669	0.05003872513771057	-0.5941336154937744	-0.644172340631485
670	0.05003871023654938	-0.5941336452960968	-0.6441723555326462
671	0.05003869906067848	-0.5941336676478386	-0.6441723667085171
672	0.05003868788480759	-0.5941336899995804	-0.644172377884388
673	0.05003867670893669	-0.5941337123513222	-0.6441723890602589
674	0.050038665533065796	-0.594133734703064	-0.6441724002361298
675	0.0500386543571949	-0.5941337570548058	-0.6441724114120007
676	0.050038643181324005	-0.5941337794065475	-0.6441724225878716
677	0.05003863200545311	-0.5941338017582893	-0.6441724337637424
678	0.050038620829582214	-0.5941338241100311	-0.6441724449396133
679	0.05003860592842102	-0.5941338539123535	-0.6441724598407745
680	0.050038598477840424	-0.5941338688135147	-0.6441724672913551
681	0.05003858357667923	-0.5941338986158371	-0.6441724821925163
682	0.050038572400808334	-0.5941339209675789	-0.6441724933683872
683	0.05003855749964714	-0.5941339507699013	-0.6441725082695484
684	0.050038550049066544	-0.5941339656710625	-0.644172515720129
685	0.05003853887319565	-0.5941339880228043	-0.6441725268959999
686	0.05003852769732475	-0.594134010374546	-0.6441725380718708
687	0.05003851652145386	-0.5941340327262878	-0.6441725492477417
688	0.05003850534558296	-0.5941340550780296	-0.6441725604236126
689	0.05003849416971207	-0.5941340774297714	-0.6441725715994835
690	0.05003848299384117	-0.5941340997815132	-0.6441725827753544
691	0.050038475543260574	-0.5941341146826744	-0.644172590225935
692	0.05003846436738968	-0.5941341370344162	-0.6441726014018059
693	0.050038453191518784	-0.594134159386158	-0.6441726125776768
694	0.05003844201564789	-0.5941341817378998	-0.6441726237535477
695	0.05003843083977699	-0.5941342040896416	-0.6441726349294186
696	0.050038423389196396	-0.5941342189908028	-0.6441726423799992
697	0.0500384084880352	-0.5941342487931252	-0.6441726572811604
698	0.05003839731216431	-0.5941342711448669	-0.6441726684570312
699	0.05003838613629341	-0.5941342934966087	-0.6441726796329021
700	0.050038374960422516	-0.5941343158483505	-0.644172690808773
701	0.05003836750984192	-0.5941343307495117	-0.6441726982593536
702	0.050038356333971024	-0.5941343531012535	-0.6441727094352245
703	0.05003834515810013	-0.5941343754529953	-0.6441727206110954
704	0.05003833770751953	-0.5941343903541565	-0.644172728061676
705	0.050038326531648636	-0.5941344127058983	-0.6441727392375469
706	0.05003831908106804	-0.5941344276070595	-0.6441727466881275
707	0.050038307905197144	-0.5941344499588013	-0.6441727578639984
708	0.05003830045461655	-0.5941344648599625	-0.644172765314579
709	0.05003828927874565	-0.5941344872117043	-0.6441727764904499
710	0.050038278102874756	-0.594134509563446	-0.6441727876663208
711	0.05003827065229416	-0.5941345244646072	-0.6441727951169014
712	0.05003826320171356	-0.5941345393657684	-0.644172802567482
713	0.050038255751132965	-0.5941345542669296	-0.6441728100180626
714	0.050038255751132965	-0.5941345542669296	-0.6441728100180626
715	0.050038255751132965	-0.5941345542669296	-0.6441728100180626
716	0.050038255751132965	-0.5941345542669296	-0.6441728100180626
717	0.050038255751132965	-0.5941345542669296	-0.6441728100180626
718	0.050038255751132965	-0.5941345542669296	-0.6441728100180626
719	0.050038255751132965	-0.5941345542669296	-0.6441728100180626
720	0.050038255751132965	-0.5941345542669296	-0.6441728100180626
721	0.050038255751132965	-0.5941345542669296	-0.6441728100180626
722	0.050038255751132965	-0.5941345542669296	-0.6441728100180626
723	0.050038255751132965	-0.5941345542669296	-0.6441728100180626
724	0.050038255751132965	-0.5941345542669296	-0.6441728100180626
725	0.050038255751132965	-0.5941345542669296	-0.6441728100180626
726	0.050038255751132965	-0.5941345542669296	-0.6441728100180626
727	0.050038255751132965	-0.5941345542669296	-0.6441728100180626
728	0.050038255751132965	-0.5941345542669296	-0.6441728100180626
729	0.050038255751132965	-0.5941345542669296	-0.6441728100180626
730	0.050038255751132965	-0.5941345542669296	-0.6441728100180626
731	0.050038255751132965	-0.5941345542669296	-0.6441728100180626
732	0.050038255751132965	-0.5941345542669296	-0.6441728100180626
733	0.050038255751132965	-0.5941345542669296	-0.6441728100180626
734	0.050038255751132965	-0.5941345542669296	-0.6441728100180626
735	0.050038255751132965	-0.5941345542669296	-0.6441728100180626
736	0.050038255751132965	-0.5941345542669296	-0.6441728100180626
737	0.050038255751132965	-0.5941345542669296	-0.6441728100180626
738	0.050038255751132965	-0.5941345542669296	-0.6441728100180626
739	0.050038255751132965	-0.5941345542669296	-0.6441728100180626
740	0.050038255751132965	-0.5941345542669296	-0.6441728100180626
741	0.050038255751132965	-0.5941345542669296	-0.6441728100180626
742	0.050038255751132965	-0.5941345542669296	-0.6441728100180626
743	0.050038255751132965	-0.5941345542669296	-0.6441728100180626
744	0.050038255751132965	-0.5941345542669296	-0.6441728100180626
745	0.050038255751132965	-0.5941345542669296	-0.6441728100180626
746	0.050038255751132965	-0.5941345542669296	-0.6441728100180626
747	0.050038255751132965	-0.5941345542669296	-0.6441728100180626
748	0.050038255751132965	-0.5941345542669296	-0.6441728100180626
749	0.050038255751132965	-0.5941345542669296	-0.6441728100180626
750	0.050038255751132965	-0.5941345542669296	-0.6441728100180626
751	0.050038255751132965	-0.5941345542669296	-0.6441728100180626
752	0.050038255751132965	-0.5941345542669296	-0.6441728100180626
753	0.050038255751132965	-0.5941345542669296	-0.6441728100180626
754	0.050038255751132965	-0.5941345542669296	-0.6441728100180626
755	0.050038255751132965	-0.5941345542669296	-0.6441728100180626
756	0.050038255751132965	-0.5941345542669296	-0.6441728100180626
757	0.050038255751132965	-0.5941345542669296	-0.6441728100180626
758	0.050038255751132965	-0.5941345542669296	-0.6441728100180626
759	0.050038255751132965	-0.5941345542669296	-0.6441728100180626
760	0.050038255751132965	-0.5941345542669296	-0.6441728100180626
761	0.050038255751132965	-0.5941345542669296	-0.6441728100180626
762	0.050038255751132965	-0.5941345542669296	-0.6441728100180626
763	0.050038255751132965	-0.5941345542669296	-0.6441728100180626
764	0.050038255751132965	-0.5941345542669296	-0.6441728100180626
765	0.050038255751132965	-0.5941345542669296	-0.6441728100180626
766	0.050038255751132965	-0.5941345542669296	-0.6441728100180626
767	0.050038255751132965	-0.5941345542669296	-0.6441728100180626
768	0.050038255751132965	-0.5941345542669296	-0.6441728100180626
769	0.050038255751132965	-0.5941345542669296	-0.6441728100180626
770	0.050038255751132965	-0.5941345542669296	-0.6441728100180626
771	0.050038255751132965	-0.5941345542669296	-0.6441728100180626
772	0.050038255751132965	-0.5941345542669296	-0.6441728100180626
773	0.050038255751132965	-0.5941345542669296	-0.6441728100180626
774	0.050038255751132965	-0.5941345542669296	-0.6441728100180626
775	0.050038255751132965	-0.5941345542669296	-0.6441728100180626
776	0.050038255751132965	-0.5941345542669296	-0.6441728100180626
777	0.050038255751132965	-0.5941345542669296	-0.6441728100180626
778	0.050038255751132965	-0.5941345542669296	-0.6441728100180626
779	0.050038255751132965	-0.5941345542669296	-0.6441728100180626
780	0.050038255751132965	-0.5941345542669296	-0.6441728100180626
781	0.050038255751132965	-0.5941345542669296	-0.6441728100180626
782	0.050038255751132965	-0.5941345542669296	-0.6441728100180626
783	0.050038255751132965	-0.5941345542669296	-0.6441728100180626
784	0.050038255751132965	-0.5941345542669296	-0.6441728100180626
785	0.050038255751132965	-0.5941345542669296	-0.6441728100180626
786	0.050038255751132965	-0.5941345542669296	-0.6441728100180626
787	0.050038255751132965	-0.5941345542669296	-0.6441728100180626
788	0.050038255751132965	-0.5941345542669296	-0.6441728100180626
789	0.050038255751132965	-0.5941345542669296	-0.6441728100180626
790	0.050038255751132965	-0.5941345542669296	-0.6441728100180626
791	0.050038255751132965	-0.5941345542669296	-0.6441728100180626
792	0.050038255751132965	-0.5941345542669296	-0.6441728100180626
793	0.050038255751132965	-0.5941345542669296	-0.6441728100180626
794	0.050038255751132965	-0.5941345542669296	-0.6441728100180626
795	0.050038255751132965	-0.5941345542669296	-0.6441728100180626
796	0.050038255751132965	-0.5941345542669296	-0.6441728100180626
797	0.050038255751132965	-0.5941345542669296	-0.6441728100180626
798	0.050038255751132965	-0.5941345542669296	-0.6441728100180626
799	0.050038255751132965	-0.5941345542669296	-0.6441728100180626
800	0.050038255751132965	-0.5941345542669296	-0.6441728100180626
801	0.050038255751132965	-0.5941345542669296	-0.6441728100180626
802	0.050038255751132965	-0.5941345542669296	-0.6441728100180626
803	0.050038255751132965	-0.5941345542669296	-0.6441728100180626
804	0.050038255751132965	-0.5941345542669296	-0.6441728100180626
805	0.050038255751132965	-0.5941345542669296	-0.6441728100180626
806	0.050038255751132965	-0.5941345542669296	-0.6441728100180626
807	0.050038255751132965	-0.5941345542669296	-0.6441728100180626
808	0.050038255751132965	-0.5941345542669296	-0.6441728100180626
809	0.050038255751132965	-0.5941345542669296	-0.6441728100180626
810	0.050038255751132965	-0.5941345542669296	-0.6441728100180626
811	0.050038255751132965	-0.5941345542669296	-0.6441728100180626
812	0.050038255751132965	-0.5941345542669296	-0.6441728100180626
813	0.050038255751132965	-0.5941345542669296	-0.6441728100180626
814	0.050038255751132965	-0.5941345542669296	-0.6441728100180626
815	0.050038255751132965	-0.5941345542669296	-0.6441728100180626
816	0.04997382313013077	-0.594263419508934	-0.6442372426390648
817	0.049658890813589096	-0.5948932841420174	-0.6445521749556065
818	0.04926452785730362	-0.5956820100545883	-0.6449465379118919
819	0.04875928908586502	-0.5966924875974655	-0.6454517766833305
820	0.04845011606812477	-0.597310833632946	-0.6457609497010708
821	0.04831898584961891	-0.5975730940699577	-0.6458920799195766
822	0.04813045635819435	-0.5979501530528069	-0.6460806094110012
823	0.047939639538526535	-0.5983317866921425	-0.646271426230669
824	0.047830574214458466	-0.5985499173402786	-0.6463804915547371
825	0.04780048877000809	-0.5986100882291794	-0.6464105769991875
826	0.04746647924184799	-0.5992781072854996	-0.6467445865273476
827	0.04734976962208748	-0.5995115265250206	-0.6468612961471081
828	0.04730764776468277	-0.59959577023983	-0.6469034180045128
829	0.04720115289092064	-0.5998087599873543	-0.6470099128782749
830	0.047137971967458725	-0.5999351218342781	-0.6470730938017368
831	0.04711568355560303	-0.5999796986579895	-0.6470953822135925
832	0.047010038048028946	-0.6001909896731377	-0.6472010277211666
833	0.046959470957517624	-0.6002921238541603	-0.6472515948116779
834	0.04694318771362305	-0.6003246903419495	-0.6472678780555725
835	0.04688793793320656	-0.6004351899027824	-0.647323127835989
836	0.046864453703165054	-0.6004821583628654	-0.6473466120660305
837	0.046842772513628006	-0.6005255207419395	-0.6473682932555676
838	0.04682237654924393	-0.6005663126707077	-0.6473886892199516
839	0.04680442437529564	-0.6006022170186043	-0.6474066413938999
840	0.04678836464881897	-0.6006343364715576	-0.6474227011203766
841	0.046772874891757965	-0.6006653159856796	-0.6474381908774376
842	0.04675983265042305	-0.6006914004683495	-0.6474512331187725
843	0.04674869403243065	-0.6007136777043343	-0.6474623717367649
844	0.04674014449119568	-0.6007307767868042	-0.6474709212779999
845	0.04669163003563881	-0.6008278056979179	-0.6475194357335567
846	0.046645116060972214	-0.6009208336472511	-0.6475659497082233
847	0.04663222283124924	-0.6009466201066971	-0.6475788429379463
848	0.046623796224594116	-0.6009634733200073	-0.6475872695446014
849	0.04661727324128151	-0.6009765192866325	-0.647593792527914
850	0.04661133885383606	-0.6009883880615234	-0.6475997269153595
851	0.04660781845450401	-0.6009954288601875	-0.6476032473146915
852	0.04660684987902641	-0.6009973660111427	-0.6476042158901691
853	0.046606842428445816	-0.6009973809123039	-0.6476042233407497
854	0.04660683870315552	-0.6009973883628845	-0.64760422706604
855	0.04660683497786522	-0.6009973958134651	-0.6476042307913303
856	0.04660682752728462	-0.6009974107146263	-0.6476042382419109
857	0.046606823801994324	-0.6009974181652069	-0.6476042419672012
858	0.046606823801994324	-0.6009974181652069	-0.6476042419672012
859	0.046606823801994324	-0.6009974181652069	-0.6476042419672012
860	0.046606823801994324	-0.6009974181652069	-0.6476042419672012
861	0.046606823801994324	-0.6009974181652069	-0.6476042419672012
862	0.046606823801994324	-0.6009974181652069	-0.6476042419672012
863	0.046606823801994324	-0.6009974181652069	-0.6476042419672012
864	0.046606823801994324	-0.6009974181652069	-0.6476042419672012
865	0.046606823801994324	-0.6009974181652069	-0.6476042419672012
866	0.046606823801994324	-0.6009974181652069	-0.6476042419672012
867	0.046606823801994324	-0.6009974181652069	-0.6476042419672012
868	0.046606823801994324	-0.6009974181652069	-0.6476042419672012
869	0.046606823801994324	-0.6009974181652069	-0.6476042419672012
870	0.046606823801994324	-0.6009974181652069	-0.6476042419672012
871	0.046606823801994324	-0.6009974181652069	-0.6476042419672012
872	0.046606823801994324	-0.6009974181652069	-0.6476042419672012
873	0.046606823801994324	-0.6009974181652069	-0.6476042419672012
874	0.046606823801994324	-0.6009974181652069	-0.6476042419672012
875	0.046606823801994324	-0.6009974181652069	-0.6476042419672012
876	0.046606823801994324	-0.6009974181652069	-0.6476042419672012
877	0.046606823801994324	-0.6009974181652069	-0.6476042419672012
878	0.046606823801994324	-0.6009974181652069	-0.6476042419672012
879	0.046606823801994324	-0.6009974181652069	-0.6476042419672012
880	0.046606823801994324	-0.6009974181652069	-0.6476042419672012
881	0.046606823801994324	-0.6009974181652069	-0.6476042419672012
882	0.046606823801994324	-0.6009974181652069	-0.6476042419672012
883	0.046606823801994324	-0.6009974181652069	-0.6476042419672012
884	0.046606823801994324	-0.6009974181652069	-0.6476042419672012
885	0.046606823801994324	-0.6009974181652069	-0.6476042419672012
886	0.046606823801994324	-0.6009974181652069	-0.6476042419672012
887	0.046606823801994324	-0.6009974181652069	-0.6476042419672012
888	0.046606823801994324	-0.6009974181652069	-0.6476042419672012
889	0.046606823801994324	-0.6009974181652069	-0.6476042419672012
890	0.046606823801994324	-0.6009974181652069	-0.6476042419672012
891	0.046606823801994324	-0.6009974181652069	-0.6476042419672012
892	0.046606823801994324	-0.6009974181652069	-0.6476042419672012
893	0.046606823801994324	-0.6009974181652069	-0.6476042419672012
894	0.046606823801994324	-0.6009974181652069	-0.6476042419672012
895	0.046606823801994324	-0.6009974181652069	-0.6476042419672012
896	0.046606823801994324	-0.6009974181652069	-0.6476042419672012
897	0.046606823801994324	-0.6009974181652069	-0.6476042419672012
898	0.046606823801994324	-0.6009974181652069	-0.6476042419672012
899	0.046606823801994324	-0.6009974181652069	-0.6476042419672012
900	0.046606823801994324	-0.6009974181652069	-0.6476042419672012
901	0.046606823801994324	-0.6009974181652069	-0.6476042419672012
902	0.046606823801994324	-0.6009974181652069	-0.6476042419672012
903	0.046606823801994324	-0.6009974181652069	-0.6476042419672012
904	0.046606823801994324	-0.6009974181652069	-0.6476042419672012
905	0.046606823801994324	-0.6009974181652069	-0.6476042419672012
906	0.046606823801994324	-0.6009974181652069	-0.6476042419672012
907	0.046606823801994324	-0.6009974181652069	-0.6476042419672012
908	0.046606823801994324	-0.6009974181652069	-0.6476042419672012
909	0.046606823801994324	-0.6009974181652069	-0.6476042419672012
910	0.046606823801994324	-0.6009974181652069	-0.6476042419672012
911	0.046606823801994324	-0.6009974181652069	-0.6476042419672012
912	0.046606823801994324	-0.6009974181652069	-0.6476042419672012
913	0.046606823801994324	-0.6009974181652069	-0.6476042419672012
914	0.046606823801994324	-0.6009974181652069	-0.6476042419672012
915	0.046606823801994324	-0.6009974181652069	-0.6476042419672012
916	0.046606823801994324	-0.6009974181652069	-0.6476042419672012
917	0.046606823801994324	-0.6009974181652069	-0.6476042419672012
918	0.046606823801994324	-0.6009974181652069	-0.6476042419672012
919	0.046606823801994324	-0.6009974181652069	-0.6476042419672012
920	0.046606823801994324	-0.6009974181652069	-0.6476042419672012
921	0.046606823801994324	-0.6009974181652069	-0.6476042419672012
922	0.046606823801994324	-0.6009974181652069	-0.6476042419672012
923	0.046606823801994324	-0.6009974181652069	-0.6476042419672012
924	0.046606823801994324	-0.6009974181652069	-0.6476042419672012
925	0.046606823801994324	-0.6009974181652069	-0.6476042419672012
926	0.046606823801994324	-0.6009974181652069	-0.6476042419672012
927	0.046606823801994324	-0.6009974181652069	-0.6476042419672012
928	0.046606823801994324	-0.6009974181652069	-0.6476042419672012
929	0.046606823801994324	-0.6009974181652069	-0.6476042419672012
930	0.046606823801994324	-0.6009974181652069	-0.6476042419672012
931	0.046606823801994324	-0.6009974181652069	-0.6476042419672012
932	0.046606823801994324	-0.6009974181652069	-0.6476042419672012
933	0.046606823801994324	-0.6009974181652069	-0.6476042419672012
934	0.046606823801994324	-0.6009974181652069	-0.6476042419672012
935	0.046606823801994324	-0.6009974181652069	-0.6476042419672012
936	0.046606823801994324	-0.6009974181652069	-0.6476042419672012
937	0.046606823801994324	-0.6009974181652069	-0.6476042419672012
938	0.046606823801994324	-0.6009974181652069	-0.6476042419672012
939	0.046606823801994324	-0.6009974181652069	-0.6476042419672012
940	0.046606823801994324	-0.6009974181652069	-0.6476042419672012
941	0.046606823801994324	-0.6009974181652069	-0.6476042419672012
942	0.046606823801994324	-0.6009974181652069	-0.6476042419672012
943	0.046606823801994324	-0.6009974181652069	-0.6476042419672012
944	0.046606823801994324	-0.6009974181652069	-0.6476042419672012
945	0.046606823801994324	-0.6009974181652069	-0.6476042419672012
946	0.046606823801994324	-0.6009974181652069	-0.6476042419672012
947	0.046606823801994324	-0.6009974181652069	-0.6476042419672012
948	0.046606823801994324	-0.6009974181652069	-0.6476042419672012
949	0.046606823801994324	-0.6009974181652069	-0.6476042419672012
950	0.046606823801994324	-0.6009974181652069	-0.6476042419672012
951	0.046606823801994324	-0.6009974181652069	-0.6476042419672012
952	0.046606823801994324	-0.6009974181652069	-0.6476042419672012
953	0.046606823801994324	-0.6009974181652069	-0.6476042419672012
954	0.046606823801994324	-0.6009974181652069	-0.6476042419672012
955	0.046606823801994324	-0.6009974181652069	-0.6476042419672012
956	0.046606823801994324	-0.6009974181652069	-0.6476042419672012
957	0.046606823801994324	-0.6009974181652069	-0.6476042419672012
958	0.046606823801994324	-0.6009974181652069	-0.6476042419672012
959	0.046606823801994324	-0.6009974181652069	-0.6476042419672012
960	0.046606823801994324	-0.6009974181652069	-0.6476042419672012
961	0.046606823801994324	-0.6009974181652069	-0.6476042419672012
962	0.046606823801994324	-0.6009974181652069	-0.6476042419672012
963	0.046606823801994324	-0.6009974181652069	-0.6476042419672012
964	0.046606823801994324	-0.6009974181652069	-0.6476042419672012
965	0.046606823801994324	-0.6009974181652069	-0.6476042419672012
966	0.046606823801994324	-0.6009974181652069	-0.6476042419672012
967	0.046606823801994324	-0.6009974181652069	-0.6476042419672012
968	0.046606823801994324	-0.6009974181652069	-0.6476042419672012
969	0.046606823801994324	-0.6009974181652069	-0.6476042419672012
970	0.046606823801994324	-0.6009974181652069	-0.6476042419672012
971	0.046606823801994324	-0.6009974181652069	-0.6476042419672012
972	0.046606823801994324	-0.6009974181652069	-0.6476042419672012
973	0.046606823801994324	-0.6009974181652069	-0.6476042419672012
974	0.046606823801994324	-0.6009974181652069	-0.6476042419672012
975	0.046606823801994324	-0.6009974181652069	-0.6476042419672012
976	0.046606823801994324	-0.6009974181652069	-0.6476042419672012
977	0.046606823801994324	-0.6009974181652069	-0.6476042419672012
978	0.046606823801994324	-0.6009974181652069	-0.6476042419672012
979	0.046606823801994324	-0.6009974181652069	-0.6476042419672012
980	0.046606823801994324	-0.6009974181652069	-0.6476042419672012
981	0.046606823801994324	-0.6009974181652069	-0.6476042419672012
982	0.046606823801994324	-0.6009974181652069	-0.6476042419672012
983	0.046606823801994324	-0.6009974181652069	-0.6476042419672012
984	0.046606823801994324	-0.6009974181652069	-0.6476042419672012
985	0.046606823801994324	-0.6009974181652069	-0.6476042419672012
986	0.046606823801994324	-0.6009974181652069	-0.6476042419672012
987	0.046606823801994324	-0.6009974181652069	-0.6476042419672012
988	0.046606823801994324	-0.6009974181652069	-0.6476042419672012
989	0.046606823801994324	-0.6009974181652069	-0.6476042419672012
990	0.046606823801994324	-0.6009974181652069	-0.6476042419672012
991	0.046606823801994324	-0.6009974181652069	-0.6476042419672012
992	0.046606823801994324	-0.6009974181652069	-0.6476042419672012
993	0.046606823801994324	-0.6009974181652069	-0.6476042419672012
994	0.046606823801994324	-0.6009974181652069	-0.6476042419672012
995	0.046606823801994324	-0.6009974181652069	-0.6476042419672012
996	0.046606823801994324	-0.6009974181652069	-0.6476042419672012
997	0.046606823801994324	-0.6009974181652069	-0.6476042419672012
998	0.046606823801994324	-0.6009974181652069	-0.6476042419672012
999	0.046606823801994324	-0.6009974181652069	-0.6476042419672012
1000	0.046606823801994324	-0.6009974181652069	-0.6476042419672012

Best Loss: 0.046606823801994324

Training Time (seconds): 341.3818348
