Iteration	Loss (h)	Total Cost (f)	Cost g
1	0.6558932065963745	0.6558932065963745	0
2	0.5761085152626038	0.496323823928833	-0.07978469133377075
3	0.5057626366615295	0.35563206672668457	-0.15013056993484497
4	0.45150813460350037	0.24712306261062622	-0.20438507199287415
5	0.4379812180995941	0.22006922960281372	-0.2179119884967804
6	0.4348916709423065	0.21389013528823853	-0.221001535654068
7	0.43180033564567566	0.2077074646949768	-0.22409287095069885
8	0.42871564626693726	0.2015380859375	-0.22717756032943726
9	0.4265063405036926	0.19711947441101074	-0.22938686609268188
10	0.4246025085449219	0.19331181049346924	-0.23129069805145264
11	0.4226240813732147	0.18935495615005493	-0.2332691252231598
12	0.4206443428993225	0.1853954792022705	-0.235248863697052
13	0.41881871223449707	0.18174421787261963	-0.23707449436187744
14	0.41684216260910034	0.17779111862182617	-0.23905104398727417
15	0.41495734453201294	0.17402148246765137	-0.24093586206436157
16	0.4131939113140106	0.17049461603164673	-0.2426992952823639
17	0.41081157326698303	0.16572993993759155	-0.24508163332939148
18	0.4086519181728363	0.1614106297492981	-0.2472412884235382
19	0.40646597743034363	0.15703874826431274	-0.24942722916603088
20	0.4045288562774658	0.15316450595855713	-0.2513643503189087
21	0.40206894278526306	0.1482446789741516	-0.25382426381111145
22	0.40005573630332947	0.14421826601028442	-0.25583747029304504
23	0.39792850613594055	0.1399638056755066	-0.25796470046043396
24	0.39584246277809143	0.13579171895980835	-0.2600507438182831
25	0.39365100860595703	0.13140881061553955	-0.2622421979904175
26	0.3918055295944214	0.12771785259246826	-0.2640876770019531
27	0.3894433081150055	0.12299340963363647	-0.266449898481369
28	0.3876187801361084	0.11934435367584229	-0.2682744264602661
29	0.38543960452079773	0.11498600244522095	-0.2704536020755768
30	0.3835836350917816	0.11127406358718872	-0.2723095715045929
31	0.3815937936306	0.10729438066482544	-0.27429941296577454
32	0.37962013483047485	0.1033470630645752	-0.27627307176589966
33	0.37759432196617126	0.09929543733596802	-0.27829888463020325
34	0.3756820261478424	0.0954708456993103	-0.2802111804485321
35	0.37387436628341675	0.09185552597045898	-0.28201884031295776
36	0.37186044454574585	0.08782768249511719	-0.28403276205062866
37	0.37008363008499146	0.0842740535736084	-0.28580957651138306
38	0.3615846633911133	0.06727612018585205	-0.29430854320526123
39	0.3475978970527649	0.03930258750915527	-0.3082953095436096
40	0.34403812885284424	0.032183051109313965	-0.3118550777435303
41	0.34108009934425354	0.02626699209213257	-0.31481310725212097
42	0.33857542276382446	0.021257638931274414	-0.31731778383255005
43	0.33422350883483887	0.012553811073303223	-0.32166969776153564
44	0.33013421297073364	0.0043752193450927734	-0.32575899362564087
45	0.32611945271492004	-0.003654301166534424	-0.32977375388145447
46	0.3227466344833374	-0.010399937629699707	-0.3331465721130371
47	0.3200184404850006	-0.01585632562637329	-0.3358747661113739
48	0.3172118365764618	-0.021469533443450928	-0.3386813700199127
49	0.3124442398548126	-0.031004726886749268	-0.3434489667415619
50	0.30900076031684875	-0.037891685962677	-0.34689244627952576
51	0.3055630922317505	-0.044767022132873535	-0.350330114364624
52	0.3025713264942169	-0.050750553607940674	-0.3533218801021576
53	0.29997846484184265	-0.05593627691268921	-0.35591474175453186
54	0.2969868779182434	-0.061919450759887695	-0.3589063286781311
55	0.2907726466655731	-0.07434791326522827	-0.3651205599308014
56	0.27362334728240967	-0.10864651203155518	-0.38226985931396484
57	0.2697838842868805	-0.11632543802261353	-0.386109322309494
58	0.26625165343284607	-0.12338989973068237	-0.38964155316352844
59	0.262660413980484	-0.1305723786354065	-0.3932327926158905
60	0.25996917486190796	-0.1359548568725586	-0.39592403173446655
61	0.25729280710220337	-0.14130759239196777	-0.39860039949417114
62	0.2542959153652191	-0.14730137586593628	-0.4015972912311554
63	0.24887201189994812	-0.15814918279647827	-0.4070211946964264
64	0.2454451620578766	-0.16500288248062134	-0.4104480445384979
65	0.24221964180469513	-0.17145392298698425	-0.4136735647916794
66	0.23794125020503998	-0.18001070618629456	-0.41795195639133453
67	0.2341027706861496	-0.18768766522407532	-0.4217904359102249
68	0.2306763082742691	-0.1945405900478363	-0.4252168983221054
69	0.22770720720291138	-0.20047879219055176	-0.42818599939346313
70	0.22516587376594543	-0.20556145906448364	-0.4307273328304291
71	0.2227335274219513	-0.21042615175247192	-0.4331596791744232
72	0.21984684467315674	-0.21619951725006104	-0.4360463619232178
73	0.21710380911827087	-0.22168558835983276	-0.43878939747810364
74	0.2147645801305771	-0.22636404633522034	-0.4411286264657974
75	0.21262265741825104	-0.23064789175987244	-0.4432705491781235
76	0.21050353348255157	-0.23488613963127136	-0.44538967311382294
77	0.20767416059970856	-0.2405448853969574	-0.44821904599666595
78	0.19614365696907043	-0.26360589265823364	-0.4597495496273041
79	0.17935363948345184	-0.2971859276294708	-0.47653956711292267
80	0.17563199996948242	-0.30462920665740967	-0.4802612066268921
81	0.17311729490756989	-0.30965861678123474	-0.4827759116888046
82	0.1708681881427765	-0.31415683031082153	-0.485025018453598
83	0.1689353585243225	-0.3180224895477295	-0.486957848072052
84	0.16676229238510132	-0.3223686218261719	-0.4891309142112732
85	0.16495171189308167	-0.3259897828102112	-0.49094149470329285
86	0.1622319519519806	-0.33142930269241333	-0.4936612546443939
87	0.15294288098812103	-0.35000744462013245	-0.5029503256082535
88	0.14138291776180267	-0.37312737107276917	-0.5145102888345718
89	0.13895416259765625	-0.377984881401062	-0.5169390439987183
90	0.13733510673046112	-0.38122299313545227	-0.5185580998659134
91	0.13567310571670532	-0.38454699516296387	-0.5202201008796692
92	0.13412177562713623	-0.38764965534210205	-0.5217714309692383
93	0.13202671706676483	-0.39183977246284485	-0.5238664895296097
94	0.13033896684646606	-0.3952152729034424	-0.5255542397499084
95	0.1283205896615982	-0.3992520272731781	-0.5275726169347763
96	0.12643106281757355	-0.4030310809612274	-0.529462143778801
97	0.12494339048862457	-0.40600642561912537	-0.5309498161077499
98	0.12297987192869186	-0.4099334627389908	-0.5329133346676826
99	0.12151738256216049	-0.41285844147205353	-0.534375824034214
100	0.12042956054210663	-0.41503408551216125	-0.5354636460542679
101	0.1185440942645073	-0.4188050180673599	-0.5373491123318672
102	0.11731772869825363	-0.42125774919986725	-0.5385754778981209
103	0.11565548926591873	-0.42458222806453705	-0.5402377173304558
104	0.11434640735387802	-0.42720039188861847	-0.5415467992424965
105	0.11293501406908035	-0.4300231784582138	-0.5429581925272942
106	0.11165980249643326	-0.432573601603508	-0.5442334040999413
107	0.11072754859924316	-0.4344381093978882	-0.5451656579971313
108	0.10915545374155045	-0.4375822991132736	-0.5467377528548241
109	0.10794492810964584	-0.4400033503770828	-0.5479482784867287
110	0.10679855197668076	-0.442296102643013	-0.5490946546196938
111	0.10544618964195251	-0.4450008273124695	-0.550447016954422
112	0.10456056892871857	-0.4467720687389374	-0.551332637667656
113	0.10338073968887329	-0.44913172721862793	-0.5525124669075012
114	0.10210204124450684	-0.45168912410736084	-0.5537911653518677
115	0.09935425966978073	-0.45718468725681305	-0.5565389469265938
116	0.08991529792547226	-0.47606261074543	-0.5659779086709023
117	0.08901438862085342	-0.47786442935466766	-0.5668788179755211
118	0.08819178491830826	-0.479509636759758	-0.5677014216780663
119	0.08724464476108551	-0.4814039170742035	-0.568648561835289
120	0.08662636578083038	-0.48264047503471375	-0.5692668408155441
121	0.08556591719388962	-0.4847613722085953	-0.5703272894024849
122	0.08448166400194168	-0.48692987859249115	-0.5714115425944328
123	0.08359839022159576	-0.488696426153183	-0.5722948163747787
124	0.08290786296129227	-0.49007748067379	-0.5729853436350822
125	0.08224862068891525	-0.491395965218544	-0.5736445859074593
126	0.0815032571554184	-0.4928866922855377	-0.5743899494409561
127	0.08091818541288376	-0.494056835770607	-0.5749750211834908
128	0.0802726224064827	-0.4953479617834091	-0.5756205841898918
129	0.07944836467504501	-0.4969964772462845	-0.5764448419213295
130	0.0786423459649086	-0.4986085146665573	-0.5772508606314659
131	0.07811402529478073	-0.49966515600681305	-0.5777791813015938
132	0.07747664302587509	-0.5009399205446243	-0.5784165635704994
133	0.07673296332359314	-0.5024272799491882	-0.5791602432727814
134	0.07624931633472443	-0.5033945739269257	-0.5796438902616501
135	0.07593324035406113	-0.5040267258882523	-0.5799599662423134
136	0.07531526684761047	-0.5052626729011536	-0.580577939748764
137	0.0749392881989479	-0.5060146301984787	-0.5809539183974266
138	0.07457242906093597	-0.5067483484745026	-0.5813207775354385
139	0.07420658320188522	-0.5074800401926041	-0.5816866233944893
140	0.07385783642530441	-0.5081775337457657	-0.5820353701710701
141	0.07300980389118195	-0.5098735988140106	-0.5828834027051926
142	0.07263948023319244	-0.5106142461299896	-0.5832537263631821
143	0.07214559614658356	-0.5116020143032074	-0.583747610449791
144	0.07186870276927948	-0.5121558010578156	-0.584024503827095
145	0.0711967796087265	-0.5134996473789215	-0.584696426987648
146	0.07083602994680405	-0.5142211467027664	-0.5850571766495705
147	0.07051825523376465	-0.5148566961288452	-0.5853749513626099
148	0.07008036971092224	-0.51573246717453	-0.5858128368854523
149	0.06980772316455841	-0.5162777602672577	-0.5860854834318161
150	0.0692257210612297	-0.5174417644739151	-0.5866674855351448
151	0.0687282532453537	-0.5184367001056671	-0.5871649533510208
152	0.06842834502458572	-0.5190365165472031	-0.5874648615717888
153	0.06801211833953857	-0.5198689699172974	-0.5878810882568359
154	0.06772547960281372	-0.5204422473907471	-0.5881677269935608
155	0.06736377626657486	-0.5211656540632248	-0.5885294303297997
156	0.06695844233036041	-0.5219763219356537	-0.5889347642660141
157	0.06675143539905548	-0.5223903357982635	-0.589141771197319
158	0.06648775935173035	-0.5229176878929138	-0.5894054472446442
159	0.06616578251123428	-0.523561641573906	-0.5897274240851402
160	0.06601696461439133	-0.5238592773675919	-0.5898762419819832
161	0.0658731535077095	-0.5241468995809555	-0.590020053088665
162	0.06573855876922607	-0.5244160890579224	-0.5901546478271484
163	0.06553604453802109	-0.5248211175203323	-0.5903571620583534
164	0.06534557789564133	-0.5252020508050919	-0.5905476287007332
165	0.06517354398965836	-0.5255461186170578	-0.5907196626067162
166	0.06504078209400177	-0.525811642408371	-0.5908524245023727
167	0.0648251622915268	-0.5262428820133209	-0.5910680443048477
168	0.06469211727380753	-0.5265089720487595	-0.591201089322567
169	0.06456109881401062	-0.5267710089683533	-0.5913321077823639
170	0.06419507414102554	-0.5275030583143234	-0.591698132455349
171	0.06395624577999115	-0.5279807150363922	-0.5919369608163834
172	0.06383223831653595	-0.5282287299633026	-0.5920609682798386
173	0.06371636688709259	-0.5284604728221893	-0.5921768397092819
174	0.0636046752333641	-0.5286838561296463	-0.5922885313630104
175	0.06349492073059082	-0.5289033651351929	-0.5923982858657837
176	0.06316016614437103	-0.5295728743076324	-0.5927330404520035
177	0.06282737106084824	-0.530238464474678	-0.5930658355355263
178	0.062418852001428604	-0.5310555025935173	-0.5934743545949459
179	0.06193983927369118	-0.5320135280489922	-0.5939533673226833
180	0.06148199364542961	-0.5329292193055153	-0.5944112129509449
181	0.06105024367570877	-0.533792719244957	-0.5948429629206657
182	0.060650505125522614	-0.5345921963453293	-0.5952427014708519
183	0.060248833149671555	-0.5353955402970314	-0.595644373446703
184	0.059805646538734436	-0.5362819135189056	-0.5960875600576401
185	0.059390462934970856	-0.5371122807264328	-0.5965027436614037
186	0.0589345246553421	-0.5380241572856903	-0.5969586819410324
187	0.05847088620066643	-0.5389514341950417	-0.5974223203957081
188	0.05801335349678993	-0.5398664996027946	-0.5978798530995846
189	0.057526104152202606	-0.5408409982919693	-0.5983671024441719
190	0.057044617831707	-0.5418039709329605	-0.5988485887646675
191	0.05657549947500229	-0.5427422076463699	-0.5993177071213722
192	0.05603799968957901	-0.5438172072172165	-0.5998552069067955
193	0.05555981397628784	-0.5447735786437988	-0.6003333926200867
194	0.055062904953956604	-0.5457673966884613	-0.6008303016424179
195	0.05451791733503342	-0.5468573719263077	-0.6013752892613411
196	0.054041892290115356	-0.5478094220161438	-0.6018513143062592
197	0.053429894149303436	-0.5490334182977676	-0.6024633124470711
198	0.052891530096530914	-0.5501101464033127	-0.6030016764998436
199	0.05240042135119438	-0.5510923638939857	-0.6034927852451801
200	0.05201416835188866	-0.5518648698925972	-0.6038790382444859
201	0.051705073565244675	-0.5524830594658852	-0.6041881330311298
202	0.05145033448934555	-0.5529925376176834	-0.604442872107029
203	0.05119561776518822	-0.5535019710659981	-0.6046975888311863
204	0.05099543184041977	-0.553902342915535	-0.6048977747559547
205	0.050856009125709534	-0.5541811883449554	-0.605037197470665
206	0.050757382065057755	-0.554378442466259	-0.6051358245313168
207	0.05065668746829033	-0.5545798316597939	-0.6052365191280842
208	0.050551146268844604	-0.5547909140586853	-0.6053420603275299
209	0.05046006664633751	-0.5549730733036995	-0.605433139950037
210	0.050365760922431946	-0.5551616847515106	-0.6055274456739426
211	0.05022510513663292	-0.5554429963231087	-0.6056681014597416
212	0.04985741153359413	-0.5561783835291862	-0.6060357950627804
213	0.04956517741084099	-0.5567628517746925	-0.6063280291855335
214	0.049335889518260956	-0.5572214275598526	-0.6065573170781136
215	0.049195919185876846	-0.5575013682246208	-0.6066972874104977
216	0.049089930951595306	-0.5577133446931839	-0.6068032756447792
217	0.049032606184482574	-0.5578279942274094	-0.6068606004118919
218	0.04898028448224068	-0.5579326376318932	-0.6069129221141338
219	0.04891419783234596	-0.5580648109316826	-0.6069790087640285
220	0.048865579068660736	-0.558162048459053	-0.6070276275277138
221	0.048622000962495804	-0.5586492046713829	-0.6072712056338787
222	0.04837723821401596	-0.5591387301683426	-0.6075159683823586
223	0.04822831600904465	-0.5594365745782852	-0.6076648905873299
224	0.04816218465566635	-0.5595688372850418	-0.6077310219407082
225	0.04804045334458351	-0.5598122999072075	-0.607852753251791
226	0.04799181967973709	-0.5599095672369003	-0.6079013869166374
227	0.047893647104501724	-0.5601059123873711	-0.6079995594918728
228	0.04785593971610069	-0.5601813271641731	-0.6080372668802738
229	0.04780096560716629	-0.5602912753820419	-0.6080922409892082
230	0.047722481191158295	-0.5604482442140579	-0.6081707254052162
231	0.0476718433201313	-0.5605495199561119	-0.6082213632762432
232	0.0476103201508522	-0.5606725662946701	-0.6082828864455223
233	0.047541141510009766	-0.560810923576355	-0.6083520650863647
234	0.04745436832308769	-0.5609844699501991	-0.6084388382732868
235	0.047390349209308624	-0.5611125081777573	-0.6085028573870659
236	0.047334518283605576	-0.5612241700291634	-0.6085586883127689
237	0.04726409912109375	-0.561365008354187	-0.6086291074752808
238	0.04722185432910919	-0.5614494979381561	-0.6086713522672653
239	0.04716317355632782	-0.5615668594837189	-0.6087300330400467
240	0.046953264623880386	-0.5619866773486137	-0.6089399419724941
241	0.04678059741854668	-0.5623320117592812	-0.6091126091778278
242	0.04674697667360306	-0.5623992532491684	-0.6091462299227715
243	0.046713631600141525	-0.5624659433960915	-0.609179574996233
244	0.046682924032211304	-0.5625273585319519	-0.6092102825641632
245	0.046641577035188675	-0.5626100525259972	-0.6092516295611858
246	0.04659203439950943	-0.5627091377973557	-0.6093011721968651
247	0.04656127095222473	-0.562770664691925	-0.6093319356441498
248	0.04652518033981323	-0.562842845916748	-0.6093680262565613
249	0.046492546796798706	-0.5629081130027771	-0.6094006597995758
250	0.046470269560813904	-0.5629526674747467	-0.6094229370355606
251	0.04643564671278	-0.5630219131708145	-0.6094575598835945
252	0.04641414061188698	-0.5630649253726006	-0.6094790659844875
253	0.04639372602105141	-0.5631057545542717	-0.6094994805753231
254	0.04633474722504616	-0.5632237121462822	-0.6095584593713284
255	0.04627003148198128	-0.563353143632412	-0.6096231751143932
256	0.04622524604201317	-0.5634427145123482	-0.6096679605543613
257	0.046176500618457794	-0.5635402053594589	-0.6097167059779167
258	0.04611916095018387	-0.5636548846960068	-0.6097740456461906
259	0.046089883893728256	-0.563713438808918	-0.6098033227026463
260	0.04607174172997475	-0.563749723136425	-0.6098214648663998
261	0.046034105122089386	-0.5638249963521957	-0.6098591014742851
262	0.046016521751880646	-0.5638601630926132	-0.6098766848444939
263	0.04598923400044441	-0.5639147385954857	-0.6099039725959301
264	0.045966535806655884	-0.5639601349830627	-0.6099266707897186
265	0.04594920203089714	-0.5639948025345802	-0.6099440045654774
266	0.04593375325202942	-0.5640257000923157	-0.6099594533443451
267	0.04591093584895134	-0.5640713348984718	-0.6099822707474232
268	0.04589235410094261	-0.5641084983944893	-0.6100008524954319
269	0.04587898403406143	-0.5641352385282516	-0.6100142225623131
270	0.04586731642484665	-0.5641585737466812	-0.6100258901715279
271	0.04570740833878517	-0.5644783899188042	-0.6101857982575893
272	0.04569537565112114	-0.5645024552941322	-0.6101978309452534
273	0.04568374529480934	-0.5645257160067558	-0.6102094613015652
274	0.045656200498342514	-0.5645808055996895	-0.610237006098032
275	0.04564495384693146	-0.5646032989025116	-0.610248252749443
276	0.04556772857904434	-0.5647577494382858	-0.6103254780173302
277	0.04554188251495361	-0.5648094415664673	-0.6103513240814209
278	0.04549127817153931	-0.5649106502532959	-0.6104019284248352
279	0.045463379472494125	-0.5649664476513863	-0.6104298271238804
280	0.04542539268732071	-0.5650424212217331	-0.6104678139090538
281	0.0454154871404171	-0.5650622323155403	-0.6104777194559574
282	0.04540683329105377	-0.565079540014267	-0.6104863733053207
283	0.045398302376270294	-0.5650966018438339	-0.6104949042201042
284	0.04536805674433708	-0.5651570931077003	-0.6105251498520374
285	0.045354072004556656	-0.5651850625872612	-0.6105391345918179
286	0.04533977061510086	-0.5652136653661728	-0.6105534359812737
287	0.045320406556129456	-0.5652523934841156	-0.6105728000402451
288	0.045312605798244476	-0.5652679949998856	-0.61058060079813
289	0.0453050434589386	-0.5652831196784973	-0.6105881631374359
290	0.04527893662452698	-0.5653353333473206	-0.6106142699718475
291	0.04523855447769165	-0.5654160976409912	-0.6106546521186829
292	0.04520143195986748	-0.5654903426766396	-0.610691774636507
293	0.04518670216202736	-0.5655198022723198	-0.6107065044343472
294	0.04517757520079613	-0.5655380561947823	-0.6107156313955784
295	0.04514514282345772	-0.5656029209494591	-0.6107480637729168
296	0.045099206268787384	-0.5656947940587997	-0.6107940003275871
297	0.04507832229137421	-0.5657365620136261	-0.6108148843050003
298	0.045035772025585175	-0.5658216625452042	-0.6108574345707893
299	0.04502876102924347	-0.5658356845378876	-0.610864445567131
300	0.045022547245025635	-0.5658481121063232	-0.6108706593513489
301	0.04501747712492943	-0.5658582523465157	-0.6108757294714451
302	0.04501241818070412	-0.5658683702349663	-0.6108807884156704
303	0.04500774294137955	-0.5658777207136154	-0.610885463654995
304	0.045003220438957214	-0.5658867657184601	-0.6108899861574173
305	0.04499884694814682	-0.5658955127000809	-0.6108943596482277
306	0.044994696974754333	-0.5659038126468658	-0.6108985096216202
307	0.04499179124832153	-0.5659096240997314	-0.610901415348053
308	0.04498935118317604	-0.5659145042300224	-0.6109038554131985
309	0.044986993074417114	-0.5659192204475403	-0.6109062135219574
310	0.044984620064496994	-0.5659239664673805	-0.6109085865318775
311	0.04498053342103958	-0.5659321397542953	-0.6109126731753349
312	0.04497651010751724	-0.56594018638134	-0.6109166964888573
313	0.04497354105114937	-0.5659461244940758	-0.6109196655452251
314	0.04497086629271507	-0.5659514740109444	-0.6109223403036594
315	0.04496827721595764	-0.5659566521644592	-0.6109249293804169
316	0.04496544227004051	-0.5659623220562935	-0.610927764326334
317	0.04496261477470398	-0.5659679770469666	-0.6109305918216705
318	0.044959865510463715	-0.5659734755754471	-0.6109333410859108
319	0.04495745897293091	-0.5659782886505127	-0.6109357476234436
320	0.04495511204004288	-0.5659829825162888	-0.6109380945563316
321	0.04495295137166977	-0.565987303853035	-0.6109402552247047
322	0.04495110362768173	-0.565990999341011	-0.6109421029686928
323	0.0449497252702713	-0.5659937560558319	-0.6109434813261032
324	0.044948384165763855	-0.5659964382648468	-0.6109448224306107
325	0.044947072863578796	-0.5659990608692169	-0.6109461337327957
326	0.04494579881429672	-0.5660016089677811	-0.6109474077820778
327	0.044944554567337036	-0.5660040974617004	-0.6109486520290375
328	0.044943343847990036	-0.5660065189003944	-0.6109498627483845
329	0.0449422225356102	-0.5660087615251541	-0.6109509840607643
330	0.04494133219122887	-0.5660105422139168	-0.6109518744051456
331	0.04494050517678261	-0.5660121962428093	-0.6109527014195919
332	0.044939689338207245	-0.56601382791996	-0.6109535172581673
333	0.044938892126083374	-0.5660154223442078	-0.6109543144702911
334	0.0449381098151207	-0.5660169869661331	-0.6109550967812538
335	0.044937342405319214	-0.5660185217857361	-0.6109558641910553
336	0.04493659734725952	-0.5660200119018555	-0.610956609249115
337	0.044935859739780426	-0.5660214871168137	-0.6109573468565941
338	0.044935137033462524	-0.5660229325294495	-0.610958069562912
339	0.044934432953596115	-0.5660243406891823	-0.6109587736427784
340	0.0449337437748909	-0.5660257190465927	-0.6109594628214836
341	0.04493306577205658	-0.5660270750522614	-0.6109601408243179
342	0.04493242874741554	-0.5660283491015434	-0.610960777848959
343	0.044931814074516296	-0.5660295784473419	-0.6109613925218582
344	0.04493120312690735	-0.5660308003425598	-0.6109620034694672
345	0.044930651783943176	-0.5660319030284882	-0.6109625548124313
346	0.04493016377091408	-0.5660328790545464	-0.6109630428254604
347	0.044929683208465576	-0.5660338401794434	-0.6109635233879089
348	0.04492920637130737	-0.5660347938537598	-0.6109640002250671
349	0.04492873698472977	-0.566035732626915	-0.6109644696116447
350	0.04492827132344246	-0.5660366639494896	-0.610964935272932
351	0.04492781311273575	-0.566037580370903	-0.6109653934836388
352	0.044927362352609634	-0.5660384818911552	-0.6109658442437649
353	0.04492691531777382	-0.5660393759608269	-0.6109662912786007
354	0.0449264720082283	-0.5660402625799179	-0.6109667345881462
355	0.04492603614926338	-0.5660411342978477	-0.6109671704471111
356	0.04492560401558876	-0.566041998565197	-0.6109676025807858
357	0.044925179332494736	-0.566042847931385	-0.6109680272638798
358	0.04492475837469101	-0.5660436898469925	-0.6109684482216835
359	0.04492434486746788	-0.5660445168614388	-0.6109688617289066
360	0.04492393136024475	-0.566045343875885	-0.6109692752361298
361	0.04492352530360222	-0.5660461559891701	-0.6109696812927723
362	0.04492312669754028	-0.566046953201294	-0.6109700798988342
363	0.044922735542058945	-0.5660477355122566	-0.6109704710543156
364	0.044922422617673874	-0.5660483613610268	-0.6109707839787006
365	0.0449221171438694	-0.5660489723086357	-0.6109710894525051
366	0.04492180794477463	-0.5660495907068253	-0.6109713986515999
367	0.04492150619626045	-0.5660501942038536	-0.6109717004001141
368	0.04492120444774628	-0.566050797700882	-0.6109720021486282
369	0.0449209101498127	-0.5660513862967491	-0.6109722964465618
370	0.04492061585187912	-0.5660519748926163	-0.6109725907444954
371	0.04492032527923584	-0.5660525560379028	-0.6109728813171387
372	0.04492003843188286	-0.5660531297326088	-0.6109731681644917
373	0.044919755309820175	-0.5660536959767342	-0.6109734512865543
374	0.04491947591304779	-0.5660542547702789	-0.6109737306833267
375	0.044919196516275406	-0.5660548135638237	-0.6109740100800991
376	0.04491892084479332	-0.5660553649067879	-0.6109742857515812
377	0.04491865262389183	-0.5660559013485909	-0.6109745539724827
378	0.04491838067770004	-0.5660564452409744	-0.6109748259186745
379	0.04491811618208885	-0.5660569742321968	-0.6109750904142857
380	0.04491785541176796	-0.5660574957728386	-0.6109753511846066
381	0.04491759464144707	-0.5660580173134804	-0.6109756119549274
382	0.04491733759641647	-0.5660585314035416	-0.610975868999958
383	0.044917088001966476	-0.5660590305924416	-0.610976118594408
384	0.04491685330867767	-0.5660594999790192	-0.6109763532876968
385	0.04491662234067917	-0.5660599619150162	-0.6109765842556953
386	0.044916387647390366	-0.5660604313015938	-0.6109768189489841
387	0.04491616040468216	-0.5660608857870102	-0.6109770461916924
388	0.04491616040468216	-0.5660608857870102	-0.6109770461916924
389	0.04491616040468216	-0.5660608857870102	-0.6109770461916924
390	0.04491616040468216	-0.5660608857870102	-0.6109770461916924
391	0.04491616040468216	-0.5660608857870102	-0.6109770461916924
392	0.04491616040468216	-0.5660608857870102	-0.6109770461916924
393	0.04491616040468216	-0.5660608857870102	-0.6109770461916924
394	0.04491616040468216	-0.5660608857870102	-0.6109770461916924
395	0.04491616040468216	-0.5660608857870102	-0.6109770461916924
396	0.04491616040468216	-0.5660608857870102	-0.6109770461916924
397	0.04491616040468216	-0.5660608857870102	-0.6109770461916924
398	0.04491616040468216	-0.5660608857870102	-0.6109770461916924
399	0.04491616040468216	-0.5660608857870102	-0.6109770461916924
400	0.04491616040468216	-0.5660608857870102	-0.6109770461916924
401	0.04491616040468216	-0.5660608857870102	-0.6109770461916924
402	0.04491616040468216	-0.5660608857870102	-0.6109770461916924
403	0.04491616040468216	-0.5660608857870102	-0.6109770461916924
404	0.04491616040468216	-0.5660608857870102	-0.6109770461916924
405	0.04491616040468216	-0.5660608857870102	-0.6109770461916924
406	0.04491616040468216	-0.5660608857870102	-0.6109770461916924
407	0.04491616040468216	-0.5660608857870102	-0.6109770461916924
408	0.04491616040468216	-0.5660608857870102	-0.6109770461916924
409	0.04491616040468216	-0.5660608857870102	-0.6109770461916924
410	0.04491616040468216	-0.5660608857870102	-0.6109770461916924
411	0.04491616040468216	-0.5660608857870102	-0.6109770461916924
412	0.04491616040468216	-0.5660608857870102	-0.6109770461916924
413	0.04491616040468216	-0.5660608857870102	-0.6109770461916924
414	0.04491616040468216	-0.5660608857870102	-0.6109770461916924
415	0.04491616040468216	-0.5660608857870102	-0.6109770461916924
416	0.04491616040468216	-0.5660608857870102	-0.6109770461916924
417	0.04491616040468216	-0.5660608857870102	-0.6109770461916924
418	0.04491616040468216	-0.5660608857870102	-0.6109770461916924
419	0.04491616040468216	-0.5660608857870102	-0.6109770461916924
420	0.04491616040468216	-0.5660608857870102	-0.6109770461916924
421	0.04491616040468216	-0.5660608857870102	-0.6109770461916924
422	0.04491616040468216	-0.5660608857870102	-0.6109770461916924
423	0.04491616040468216	-0.5660608857870102	-0.6109770461916924
424	0.04491616040468216	-0.5660608857870102	-0.6109770461916924
425	0.04491616040468216	-0.5660608857870102	-0.6109770461916924
426	0.04491616040468216	-0.5660608857870102	-0.6109770461916924
427	0.04491616040468216	-0.5660608857870102	-0.6109770461916924
428	0.04491616040468216	-0.5660608857870102	-0.6109770461916924
429	0.04491616040468216	-0.5660608857870102	-0.6109770461916924
430	0.04491616040468216	-0.5660608857870102	-0.6109770461916924
431	0.04491616040468216	-0.5660608857870102	-0.6109770461916924
432	0.04491616040468216	-0.5660608857870102	-0.6109770461916924
433	0.04491616040468216	-0.5660608857870102	-0.6109770461916924
434	0.04491616040468216	-0.5660608857870102	-0.6109770461916924
435	0.04491616040468216	-0.5660608857870102	-0.6109770461916924
436	0.04491616040468216	-0.5660608857870102	-0.6109770461916924
437	0.04491616040468216	-0.5660608857870102	-0.6109770461916924
438	0.04491616040468216	-0.5660608857870102	-0.6109770461916924
439	0.04491616040468216	-0.5660608857870102	-0.6109770461916924
440	0.04491616040468216	-0.5660608857870102	-0.6109770461916924
441	0.04491616040468216	-0.5660608857870102	-0.6109770461916924
442	0.04491616040468216	-0.5660608857870102	-0.6109770461916924
443	0.04491616040468216	-0.5660608857870102	-0.6109770461916924
444	0.04491616040468216	-0.5660608857870102	-0.6109770461916924
445	0.04491616040468216	-0.5660608857870102	-0.6109770461916924
446	0.04491616040468216	-0.5660608857870102	-0.6109770461916924
447	0.04491616040468216	-0.5660608857870102	-0.6109770461916924
448	0.04491616040468216	-0.5660608857870102	-0.6109770461916924
449	0.04491616040468216	-0.5660608857870102	-0.6109770461916924
450	0.04491616040468216	-0.5660608857870102	-0.6109770461916924
451	0.04491616040468216	-0.5660608857870102	-0.6109770461916924
452	0.04491616040468216	-0.5660608857870102	-0.6109770461916924
453	0.04491616040468216	-0.5660608857870102	-0.6109770461916924
454	0.04491616040468216	-0.5660608857870102	-0.6109770461916924
455	0.04491616040468216	-0.5660608857870102	-0.6109770461916924
456	0.04491616040468216	-0.5660608857870102	-0.6109770461916924
457	0.04491616040468216	-0.5660608857870102	-0.6109770461916924
458	0.04491616040468216	-0.5660608857870102	-0.6109770461916924
459	0.04491616040468216	-0.5660608857870102	-0.6109770461916924
460	0.04491616040468216	-0.5660608857870102	-0.6109770461916924
461	0.04491616040468216	-0.5660608857870102	-0.6109770461916924
462	0.04491616040468216	-0.5660608857870102	-0.6109770461916924
463	0.04491616040468216	-0.5660608857870102	-0.6109770461916924
464	0.04491616040468216	-0.5660608857870102	-0.6109770461916924
465	0.04491616040468216	-0.5660608857870102	-0.6109770461916924
466	0.04491616040468216	-0.5660608857870102	-0.6109770461916924
467	0.04491616040468216	-0.5660608857870102	-0.6109770461916924
468	0.04491616040468216	-0.5660608857870102	-0.6109770461916924
469	0.04491616040468216	-0.5660608857870102	-0.6109770461916924
470	0.04491616040468216	-0.5660608857870102	-0.6109770461916924
471	0.04491616040468216	-0.5660608857870102	-0.6109770461916924
472	0.04491616040468216	-0.5660608857870102	-0.6109770461916924
473	0.04491616040468216	-0.5660608857870102	-0.6109770461916924
474	0.04491616040468216	-0.5660608857870102	-0.6109770461916924
475	0.04491616040468216	-0.5660608857870102	-0.6109770461916924
476	0.04491616040468216	-0.5660608857870102	-0.6109770461916924
477	0.04491616040468216	-0.5660608857870102	-0.6109770461916924
478	0.04491616040468216	-0.5660608857870102	-0.6109770461916924
479	0.04491616040468216	-0.5660608857870102	-0.6109770461916924
480	0.04491616040468216	-0.5660608857870102	-0.6109770461916924
481	0.04491616040468216	-0.5660608857870102	-0.6109770461916924
482	0.04491616040468216	-0.5660608857870102	-0.6109770461916924
483	0.04491616040468216	-0.5660608857870102	-0.6109770461916924
484	0.04491616040468216	-0.5660608857870102	-0.6109770461916924
485	0.04491616040468216	-0.5660608857870102	-0.6109770461916924
486	0.04491613805294037	-0.5660609304904938	-0.6109770685434341
487	0.04490422457456589	-0.5660847574472427	-0.6109889820218086
488	0.0448751337826252	-0.5661429390311241	-0.6110180728137493
489	0.044873494654893875	-0.5661462172865868	-0.6110197119414806
490	0.04486101493239403	-0.5661711767315865	-0.6110321916639805
491	0.044848185032606125	-0.5661968365311623	-0.6110450215637684
492	0.044793836772441864	-0.5663055330514908	-0.6110993698239326
493	0.044793836772441864	-0.5663055330514908	-0.6110993698239326
494	0.044793836772441864	-0.5663055330514908	-0.6110993698239326
495	0.044793836772441864	-0.5663055330514908	-0.6110993698239326
496	0.044793836772441864	-0.5663055330514908	-0.6110993698239326
497	0.044793836772441864	-0.5663055330514908	-0.6110993698239326
498	0.044793836772441864	-0.5663055330514908	-0.6110993698239326
499	0.044793836772441864	-0.5663055330514908	-0.6110993698239326
500	0.044793836772441864	-0.5663055330514908	-0.6110993698239326
501	0.044793836772441864	-0.5663055330514908	-0.6110993698239326
502	0.044793836772441864	-0.5663055330514908	-0.6110993698239326
503	0.044793836772441864	-0.5663055330514908	-0.6110993698239326
504	0.044793836772441864	-0.5663055330514908	-0.6110993698239326
505	0.044793836772441864	-0.5663055330514908	-0.6110993698239326
506	0.044793836772441864	-0.5663055330514908	-0.6110993698239326
507	0.044793836772441864	-0.5663055330514908	-0.6110993698239326
508	0.044793836772441864	-0.5663055330514908	-0.6110993698239326
509	0.044793836772441864	-0.5663055330514908	-0.6110993698239326
510	0.044793836772441864	-0.5663055330514908	-0.6110993698239326
511	0.044793836772441864	-0.5663055330514908	-0.6110993698239326
512	0.044793836772441864	-0.5663055330514908	-0.6110993698239326
513	0.044793836772441864	-0.5663055330514908	-0.6110993698239326
514	0.044793836772441864	-0.5663055330514908	-0.6110993698239326
515	0.044793836772441864	-0.5663055330514908	-0.6110993698239326
516	0.044793836772441864	-0.5663055330514908	-0.6110993698239326
517	0.044793836772441864	-0.5663055330514908	-0.6110993698239326
518	0.044793836772441864	-0.5663055330514908	-0.6110993698239326
519	0.044793836772441864	-0.5663055330514908	-0.6110993698239326
520	0.044793836772441864	-0.5663055330514908	-0.6110993698239326
521	0.044793836772441864	-0.5663055330514908	-0.6110993698239326
522	0.044793836772441864	-0.5663055330514908	-0.6110993698239326
523	0.044793836772441864	-0.5663055330514908	-0.6110993698239326
524	0.044793836772441864	-0.5663055330514908	-0.6110993698239326
525	0.044793836772441864	-0.5663055330514908	-0.6110993698239326
526	0.044793836772441864	-0.5663055330514908	-0.6110993698239326
527	0.044793836772441864	-0.5663055330514908	-0.6110993698239326
528	0.044793836772441864	-0.5663055330514908	-0.6110993698239326
529	0.044793836772441864	-0.5663055330514908	-0.6110993698239326
530	0.044793836772441864	-0.5663055330514908	-0.6110993698239326
531	0.044793836772441864	-0.5663055330514908	-0.6110993698239326
532	0.044793836772441864	-0.5663055330514908	-0.6110993698239326
533	0.044793836772441864	-0.5663055330514908	-0.6110993698239326
534	0.044793836772441864	-0.5663055330514908	-0.6110993698239326
535	0.044793836772441864	-0.5663055330514908	-0.6110993698239326
536	0.044793836772441864	-0.5663055330514908	-0.6110993698239326
537	0.044793836772441864	-0.5663055330514908	-0.6110993698239326
538	0.044793836772441864	-0.5663055330514908	-0.6110993698239326
539	0.044793836772441864	-0.5663055330514908	-0.6110993698239326
540	0.044793836772441864	-0.5663055330514908	-0.6110993698239326
541	0.044793836772441864	-0.5663055330514908	-0.6110993698239326
542	0.044793836772441864	-0.5663055330514908	-0.6110993698239326
543	0.044793836772441864	-0.5663055330514908	-0.6110993698239326
544	0.044793836772441864	-0.5663055330514908	-0.6110993698239326
545	0.044793836772441864	-0.5663055330514908	-0.6110993698239326
546	0.044793836772441864	-0.5663055330514908	-0.6110993698239326
547	0.044793836772441864	-0.5663055330514908	-0.6110993698239326
548	0.044793836772441864	-0.5663055330514908	-0.6110993698239326
549	0.044793836772441864	-0.5663055330514908	-0.6110993698239326
550	0.044793836772441864	-0.5663055330514908	-0.6110993698239326
551	0.044793836772441864	-0.5663055330514908	-0.6110993698239326
552	0.044793836772441864	-0.5663055330514908	-0.6110993698239326
553	0.044793836772441864	-0.5663055330514908	-0.6110993698239326
554	0.044793836772441864	-0.5663055330514908	-0.6110993698239326
555	0.044793836772441864	-0.5663055330514908	-0.6110993698239326
556	0.044793836772441864	-0.5663055330514908	-0.6110993698239326
557	0.044793836772441864	-0.5663055330514908	-0.6110993698239326
558	0.044793836772441864	-0.5663055330514908	-0.6110993698239326
559	0.044793836772441864	-0.5663055330514908	-0.6110993698239326
560	0.044793836772441864	-0.5663055330514908	-0.6110993698239326
561	0.044793836772441864	-0.5663055330514908	-0.6110993698239326
562	0.044793836772441864	-0.5663055330514908	-0.6110993698239326
563	0.044793836772441864	-0.5663055330514908	-0.6110993698239326
564	0.044793836772441864	-0.5663055330514908	-0.6110993698239326
565	0.044793836772441864	-0.5663055330514908	-0.6110993698239326
566	0.044793836772441864	-0.5663055330514908	-0.6110993698239326
567	0.044793836772441864	-0.5663055330514908	-0.6110993698239326
568	0.044793836772441864	-0.5663055330514908	-0.6110993698239326
569	0.044793836772441864	-0.5663055330514908	-0.6110993698239326
570	0.044793836772441864	-0.5663055330514908	-0.6110993698239326
571	0.044793836772441864	-0.5663055330514908	-0.6110993698239326
572	0.044793836772441864	-0.5663055330514908	-0.6110993698239326
573	0.044793836772441864	-0.5663055330514908	-0.6110993698239326
574	0.044793836772441864	-0.5663055330514908	-0.6110993698239326
575	0.044793836772441864	-0.5663055330514908	-0.6110993698239326
576	0.044793836772441864	-0.5663055330514908	-0.6110993698239326
577	0.044793836772441864	-0.5663055330514908	-0.6110993698239326
578	0.044793836772441864	-0.5663055330514908	-0.6110993698239326
579	0.044793836772441864	-0.5663055330514908	-0.6110993698239326
580	0.044793836772441864	-0.5663055330514908	-0.6110993698239326
581	0.044793836772441864	-0.5663055330514908	-0.6110993698239326
582	0.044793836772441864	-0.5663055330514908	-0.6110993698239326
583	0.044793836772441864	-0.5663055330514908	-0.6110993698239326
584	0.044793836772441864	-0.5663055330514908	-0.6110993698239326
585	0.044793836772441864	-0.5663055330514908	-0.6110993698239326
586	0.044793836772441864	-0.5663055330514908	-0.6110993698239326
587	0.044793836772441864	-0.5663055330514908	-0.6110993698239326
588	0.044793836772441864	-0.5663055330514908	-0.6110993698239326
589	0.044793836772441864	-0.5663055330514908	-0.6110993698239326
590	0.044793836772441864	-0.5663055330514908	-0.6110993698239326
591	0.044793836772441864	-0.5663055330514908	-0.6110993698239326
592	0.044793836772441864	-0.5663055330514908	-0.6110993698239326
593	0.044793836772441864	-0.5663055330514908	-0.6110993698239326
594	0.044793836772441864	-0.5663055330514908	-0.6110993698239326
595	0.044793836772441864	-0.5663055330514908	-0.6110993698239326
596	0.044793836772441864	-0.5663055330514908	-0.6110993698239326
597	0.044793836772441864	-0.5663055330514908	-0.6110993698239326
598	0.044793836772441864	-0.5663055330514908	-0.6110993698239326
599	0.044793836772441864	-0.5663055330514908	-0.6110993698239326
600	0.044793836772441864	-0.5663055330514908	-0.6110993698239326
601	0.044793836772441864	-0.5663055330514908	-0.6110993698239326
602	0.044793836772441864	-0.5663055330514908	-0.6110993698239326
603	0.044793836772441864	-0.5663055330514908	-0.6110993698239326
604	0.044793836772441864	-0.5663055330514908	-0.6110993698239326
605	0.044793836772441864	-0.5663055330514908	-0.6110993698239326
606	0.044793836772441864	-0.5663055330514908	-0.6110993698239326
607	0.044793836772441864	-0.5663055330514908	-0.6110993698239326
608	0.044793836772441864	-0.5663055330514908	-0.6110993698239326
609	0.044793836772441864	-0.5663055330514908	-0.6110993698239326
610	0.044793836772441864	-0.5663055330514908	-0.6110993698239326
611	0.044793836772441864	-0.5663055330514908	-0.6110993698239326
612	0.044793836772441864	-0.5663055330514908	-0.6110993698239326
613	0.044793836772441864	-0.5663055330514908	-0.6110993698239326
614	0.044793836772441864	-0.5663055330514908	-0.6110993698239326
615	0.044793836772441864	-0.5663055330514908	-0.6110993698239326
616	0.044793836772441864	-0.5663055330514908	-0.6110993698239326
617	0.044793836772441864	-0.5663055330514908	-0.6110993698239326
618	0.044793836772441864	-0.5663055330514908	-0.6110993698239326
619	0.044793836772441864	-0.5663055330514908	-0.6110993698239326
620	0.044793836772441864	-0.5663055330514908	-0.6110993698239326
621	0.044793836772441864	-0.5663055330514908	-0.6110993698239326
622	0.044793836772441864	-0.5663055330514908	-0.6110993698239326
623	0.044793836772441864	-0.5663055330514908	-0.6110993698239326
624	0.044793836772441864	-0.5663055330514908	-0.6110993698239326
625	0.044793836772441864	-0.5663055330514908	-0.6110993698239326
626	0.044793836772441864	-0.5663055330514908	-0.6110993698239326
627	0.044793836772441864	-0.5663055330514908	-0.6110993698239326
628	0.044793836772441864	-0.5663055330514908	-0.6110993698239326
629	0.044793836772441864	-0.5663055330514908	-0.6110993698239326
630	0.044793836772441864	-0.5663055330514908	-0.6110993698239326
631	0.044793836772441864	-0.5663055330514908	-0.6110993698239326
632	0.044793836772441864	-0.5663055330514908	-0.6110993698239326
633	0.044793836772441864	-0.5663055330514908	-0.6110993698239326
634	0.044793836772441864	-0.5663055330514908	-0.6110993698239326
635	0.044793836772441864	-0.5663055330514908	-0.6110993698239326
636	0.044793836772441864	-0.5663055330514908	-0.6110993698239326
637	0.044793836772441864	-0.5663055330514908	-0.6110993698239326
638	0.044793836772441864	-0.5663055330514908	-0.6110993698239326
639	0.044793836772441864	-0.5663055330514908	-0.6110993698239326
640	0.044793836772441864	-0.5663055330514908	-0.6110993698239326
641	0.044793836772441864	-0.5663055330514908	-0.6110993698239326
642	0.044793836772441864	-0.5663055330514908	-0.6110993698239326
643	0.044793836772441864	-0.5663055330514908	-0.6110993698239326
644	0.044793836772441864	-0.5663055330514908	-0.6110993698239326
645	0.044793836772441864	-0.5663055330514908	-0.6110993698239326
646	0.044793836772441864	-0.5663055330514908	-0.6110993698239326
647	0.044793836772441864	-0.5663055330514908	-0.6110993698239326
648	0.044793836772441864	-0.5663055330514908	-0.6110993698239326
649	0.044793836772441864	-0.5663055330514908	-0.6110993698239326
650	0.044793836772441864	-0.5663055330514908	-0.6110993698239326
651	0.044793836772441864	-0.5663055330514908	-0.6110993698239326
652	0.044793836772441864	-0.5663055330514908	-0.6110993698239326
653	0.044793836772441864	-0.5663055330514908	-0.6110993698239326
654	0.044793836772441864	-0.5663055330514908	-0.6110993698239326
655	0.044793836772441864	-0.5663055330514908	-0.6110993698239326
656	0.044793836772441864	-0.5663055330514908	-0.6110993698239326
657	0.044793836772441864	-0.5663055330514908	-0.6110993698239326
658	0.044793836772441864	-0.5663055330514908	-0.6110993698239326
659	0.044793836772441864	-0.5663055330514908	-0.6110993698239326
660	0.044793836772441864	-0.5663055330514908	-0.6110993698239326
661	0.044793836772441864	-0.5663055330514908	-0.6110993698239326
662	0.044793836772441864	-0.5663055330514908	-0.6110993698239326
663	0.044793836772441864	-0.5663055330514908	-0.6110993698239326
664	0.044793836772441864	-0.5663055330514908	-0.6110993698239326
665	0.044793836772441864	-0.5663055330514908	-0.6110993698239326
666	0.044793836772441864	-0.5663055330514908	-0.6110993698239326
667	0.044793836772441864	-0.5663055330514908	-0.6110993698239326
668	0.044793836772441864	-0.5663055330514908	-0.6110993698239326
669	0.044793836772441864	-0.5663055330514908	-0.6110993698239326
670	0.044793836772441864	-0.5663055330514908	-0.6110993698239326
671	0.044793836772441864	-0.5663055330514908	-0.6110993698239326
672	0.044793836772441864	-0.5663055330514908	-0.6110993698239326
673	0.044793836772441864	-0.5663055330514908	-0.6110993698239326
674	0.044793836772441864	-0.5663055330514908	-0.6110993698239326
675	0.044793836772441864	-0.5663055330514908	-0.6110993698239326
676	0.044793836772441864	-0.5663055330514908	-0.6110993698239326
677	0.044793836772441864	-0.5663055330514908	-0.6110993698239326
678	0.044793836772441864	-0.5663055330514908	-0.6110993698239326
679	0.044793836772441864	-0.5663055330514908	-0.6110993698239326
680	0.044793836772441864	-0.5663055330514908	-0.6110993698239326
681	0.044793836772441864	-0.5663055330514908	-0.6110993698239326
682	0.044793836772441864	-0.5663055330514908	-0.6110993698239326
683	0.044793836772441864	-0.5663055330514908	-0.6110993698239326
684	0.044793836772441864	-0.5663055330514908	-0.6110993698239326
685	0.044793836772441864	-0.5663055330514908	-0.6110993698239326
686	0.044793836772441864	-0.5663055330514908	-0.6110993698239326
687	0.044793836772441864	-0.5663055330514908	-0.6110993698239326
688	0.044793836772441864	-0.5663055330514908	-0.6110993698239326
689	0.044793836772441864	-0.5663055330514908	-0.6110993698239326
690	0.044793836772441864	-0.5663055330514908	-0.6110993698239326
691	0.044793836772441864	-0.5663055330514908	-0.6110993698239326
692	0.044793836772441864	-0.5663055330514908	-0.6110993698239326
693	0.044793836772441864	-0.5663055330514908	-0.6110993698239326
694	0.044793836772441864	-0.5663055330514908	-0.6110993698239326
695	0.044793836772441864	-0.5663055330514908	-0.6110993698239326
696	0.044793836772441864	-0.5663055330514908	-0.6110993698239326
697	0.044793836772441864	-0.5663055330514908	-0.6110993698239326
698	0.044793836772441864	-0.5663055330514908	-0.6110993698239326
699	0.044793836772441864	-0.5663055330514908	-0.6110993698239326
700	0.044793836772441864	-0.5663055330514908	-0.6110993698239326
701	0.044793836772441864	-0.5663055330514908	-0.6110993698239326
702	0.044793836772441864	-0.5663055330514908	-0.6110993698239326
703	0.044793836772441864	-0.5663055330514908	-0.6110993698239326
704	0.044793836772441864	-0.5663055330514908	-0.6110993698239326
705	0.044793836772441864	-0.5663055330514908	-0.6110993698239326
706	0.044793836772441864	-0.5663055330514908	-0.6110993698239326
707	0.044793836772441864	-0.5663055330514908	-0.6110993698239326
708	0.044793836772441864	-0.5663055330514908	-0.6110993698239326
709	0.044793836772441864	-0.5663055330514908	-0.6110993698239326
710	0.044793836772441864	-0.5663055330514908	-0.6110993698239326
711	0.044793836772441864	-0.5663055330514908	-0.6110993698239326
712	0.044793836772441864	-0.5663055330514908	-0.6110993698239326
713	0.044793836772441864	-0.5663055330514908	-0.6110993698239326
714	0.044793836772441864	-0.5663055330514908	-0.6110993698239326
715	0.044793836772441864	-0.5663055330514908	-0.6110993698239326
716	0.044793836772441864	-0.5663055330514908	-0.6110993698239326
717	0.044793836772441864	-0.5663055330514908	-0.6110993698239326
718	0.044793836772441864	-0.5663055330514908	-0.6110993698239326
719	0.044793836772441864	-0.5663055330514908	-0.6110993698239326
720	0.044793836772441864	-0.5663055330514908	-0.6110993698239326
721	0.044793836772441864	-0.5663055330514908	-0.6110993698239326
722	0.044793836772441864	-0.5663055330514908	-0.6110993698239326
723	0.044793836772441864	-0.5663055330514908	-0.6110993698239326
724	0.044793836772441864	-0.5663055330514908	-0.6110993698239326
725	0.044793836772441864	-0.5663055330514908	-0.6110993698239326
726	0.044793836772441864	-0.5663055330514908	-0.6110993698239326
727	0.044793836772441864	-0.5663055330514908	-0.6110993698239326
728	0.04479113593697548	-0.5663109347224236	-0.611102070659399
729	0.04479113593697548	-0.5663109347224236	-0.611102070659399
730	0.04479113593697548	-0.5663109347224236	-0.611102070659399
731	0.04479113593697548	-0.5663109347224236	-0.611102070659399
732	0.04479113593697548	-0.5663109347224236	-0.611102070659399
733	0.04479113593697548	-0.5663109347224236	-0.611102070659399
734	0.04479113593697548	-0.5663109347224236	-0.611102070659399
735	0.04479113593697548	-0.5663109347224236	-0.611102070659399
736	0.04479113593697548	-0.5663109347224236	-0.611102070659399
737	0.04479113593697548	-0.5663109347224236	-0.611102070659399
738	0.04479113593697548	-0.5663109347224236	-0.611102070659399
739	0.04479113593697548	-0.5663109347224236	-0.611102070659399
740	0.04479113593697548	-0.5663109347224236	-0.611102070659399
741	0.04479113593697548	-0.5663109347224236	-0.611102070659399
742	0.04479113593697548	-0.5663109347224236	-0.611102070659399
743	0.04479113593697548	-0.5663109347224236	-0.611102070659399
744	0.04479113593697548	-0.5663109347224236	-0.611102070659399
745	0.04479113593697548	-0.5663109347224236	-0.611102070659399
746	0.04479113593697548	-0.5663109347224236	-0.611102070659399
747	0.04479113593697548	-0.5663109347224236	-0.611102070659399
748	0.04479113593697548	-0.5663109347224236	-0.611102070659399
749	0.04479113593697548	-0.5663109347224236	-0.611102070659399
750	0.04479113593697548	-0.5663109347224236	-0.611102070659399
751	0.04479113593697548	-0.5663109347224236	-0.611102070659399
752	0.04479113593697548	-0.5663109347224236	-0.611102070659399
753	0.04479113593697548	-0.5663109347224236	-0.611102070659399
754	0.04479113593697548	-0.5663109347224236	-0.611102070659399
755	0.04479113593697548	-0.5663109347224236	-0.611102070659399
756	0.04479113593697548	-0.5663109347224236	-0.611102070659399
757	0.04479113593697548	-0.5663109347224236	-0.611102070659399
758	0.04479113593697548	-0.5663109347224236	-0.611102070659399
759	0.04479113593697548	-0.5663109347224236	-0.611102070659399
760	0.04479113593697548	-0.5663109347224236	-0.611102070659399
761	0.04479113593697548	-0.5663109347224236	-0.611102070659399
762	0.04479113593697548	-0.5663109347224236	-0.611102070659399
763	0.04479113593697548	-0.5663109347224236	-0.611102070659399
764	0.04479113593697548	-0.5663109347224236	-0.611102070659399
765	0.04479113593697548	-0.5663109347224236	-0.611102070659399
766	0.04479113593697548	-0.5663109347224236	-0.611102070659399
767	0.04479113593697548	-0.5663109347224236	-0.611102070659399
768	0.04479113593697548	-0.5663109347224236	-0.611102070659399
769	0.04479113593697548	-0.5663109347224236	-0.611102070659399
770	0.04479113593697548	-0.5663109347224236	-0.611102070659399
771	0.04479113593697548	-0.5663109347224236	-0.611102070659399
772	0.04479113593697548	-0.5663109347224236	-0.611102070659399
773	0.04479113593697548	-0.5663109347224236	-0.611102070659399
774	0.04479113593697548	-0.5663109347224236	-0.611102070659399
775	0.04479113593697548	-0.5663109347224236	-0.611102070659399
776	0.04479113593697548	-0.5663109347224236	-0.611102070659399
777	0.04479113593697548	-0.5663109347224236	-0.611102070659399
778	0.04479113593697548	-0.5663109347224236	-0.611102070659399
779	0.04479113593697548	-0.5663109347224236	-0.611102070659399
780	0.04479113593697548	-0.5663109347224236	-0.611102070659399
781	0.04479113593697548	-0.5663109347224236	-0.611102070659399
782	0.04479113593697548	-0.5663109347224236	-0.611102070659399
783	0.04479113593697548	-0.5663109347224236	-0.611102070659399
784	0.04479113593697548	-0.5663109347224236	-0.611102070659399
785	0.04479113593697548	-0.5663109347224236	-0.611102070659399
786	0.04479113593697548	-0.5663109347224236	-0.611102070659399
787	0.04479113593697548	-0.5663109347224236	-0.611102070659399
788	0.04479113593697548	-0.5663109347224236	-0.611102070659399
789	0.04479113593697548	-0.5663109347224236	-0.611102070659399
790	0.04479113593697548	-0.5663109347224236	-0.611102070659399
791	0.04479113593697548	-0.5663109347224236	-0.611102070659399
792	0.04479113593697548	-0.5663109347224236	-0.611102070659399
793	0.04479113593697548	-0.5663109347224236	-0.611102070659399
794	0.04479113593697548	-0.5663109347224236	-0.611102070659399
795	0.04479113593697548	-0.5663109347224236	-0.611102070659399
796	0.04479113593697548	-0.5663109347224236	-0.611102070659399
797	0.04479113593697548	-0.5663109347224236	-0.611102070659399
798	0.04479113593697548	-0.5663109347224236	-0.611102070659399
799	0.04479113593697548	-0.5663109347224236	-0.611102070659399
800	0.04479113593697548	-0.5663109347224236	-0.611102070659399
801	0.04479113593697548	-0.5663109347224236	-0.611102070659399
802	0.04479113593697548	-0.5663109347224236	-0.611102070659399
803	0.04479113593697548	-0.5663109347224236	-0.611102070659399
804	0.04479113593697548	-0.5663109347224236	-0.611102070659399
805	0.04479113593697548	-0.5663109347224236	-0.611102070659399
806	0.04479113593697548	-0.5663109347224236	-0.611102070659399
807	0.04479113593697548	-0.5663109347224236	-0.611102070659399
808	0.04479113593697548	-0.5663109347224236	-0.611102070659399
809	0.04479113593697548	-0.5663109347224236	-0.611102070659399
810	0.04479113593697548	-0.5663109347224236	-0.611102070659399
811	0.04479113593697548	-0.5663109347224236	-0.611102070659399
812	0.04479113593697548	-0.5663109347224236	-0.611102070659399
813	0.04479113593697548	-0.5663109347224236	-0.611102070659399
814	0.04479113593697548	-0.5663109347224236	-0.611102070659399
815	0.04479113593697548	-0.5663109347224236	-0.611102070659399
816	0.04479113593697548	-0.5663109347224236	-0.611102070659399
817	0.04479113593697548	-0.5663109347224236	-0.611102070659399
818	0.04479113593697548	-0.5663109347224236	-0.611102070659399
819	0.04479113593697548	-0.5663109347224236	-0.611102070659399
820	0.04479113593697548	-0.5663109347224236	-0.611102070659399
821	0.04479113593697548	-0.5663109347224236	-0.611102070659399
822	0.04479113593697548	-0.5663109347224236	-0.611102070659399
823	0.04479113593697548	-0.5663109347224236	-0.611102070659399
824	0.04479113593697548	-0.5663109347224236	-0.611102070659399
825	0.04479113593697548	-0.5663109347224236	-0.611102070659399
826	0.04479113593697548	-0.5663109347224236	-0.611102070659399
827	0.04479113593697548	-0.5663109347224236	-0.611102070659399
828	0.04479113593697548	-0.5663109347224236	-0.611102070659399
829	0.04479113593697548	-0.5663109347224236	-0.611102070659399
830	0.04479113593697548	-0.5663109347224236	-0.611102070659399
831	0.04479113593697548	-0.5663109347224236	-0.611102070659399
832	0.04479113593697548	-0.5663109347224236	-0.611102070659399
833	0.04479113593697548	-0.5663109347224236	-0.611102070659399
834	0.04479113593697548	-0.5663109347224236	-0.611102070659399
835	0.04479113593697548	-0.5663109347224236	-0.611102070659399
836	0.04479113593697548	-0.5663109347224236	-0.611102070659399
837	0.04479113593697548	-0.5663109347224236	-0.611102070659399
838	0.04479113593697548	-0.5663109347224236	-0.611102070659399
839	0.04479113593697548	-0.5663109347224236	-0.611102070659399
840	0.04479113593697548	-0.5663109347224236	-0.611102070659399
841	0.04479113593697548	-0.5663109347224236	-0.611102070659399
842	0.04479113593697548	-0.5663109347224236	-0.611102070659399
843	0.04479113593697548	-0.5663109347224236	-0.611102070659399
844	0.04479113593697548	-0.5663109347224236	-0.611102070659399
845	0.04479113593697548	-0.5663109347224236	-0.611102070659399
846	0.04479113593697548	-0.5663109347224236	-0.611102070659399
847	0.04479113593697548	-0.5663109347224236	-0.611102070659399
848	0.04479113593697548	-0.5663109347224236	-0.611102070659399
849	0.04479113593697548	-0.5663109347224236	-0.611102070659399
850	0.04479113593697548	-0.5663109347224236	-0.611102070659399
851	0.04479113593697548	-0.5663109347224236	-0.611102070659399
852	0.04479113593697548	-0.5663109347224236	-0.611102070659399
853	0.04479113593697548	-0.5663109347224236	-0.611102070659399
854	0.04479113593697548	-0.5663109347224236	-0.611102070659399
855	0.04479113593697548	-0.5663109347224236	-0.611102070659399
856	0.04479113593697548	-0.5663109347224236	-0.611102070659399
857	0.04479113593697548	-0.5663109347224236	-0.611102070659399
858	0.04479113593697548	-0.5663109347224236	-0.611102070659399
859	0.04479113593697548	-0.5663109347224236	-0.611102070659399
860	0.04479113593697548	-0.5663109347224236	-0.611102070659399
861	0.04479113593697548	-0.5663109347224236	-0.611102070659399
862	0.04479113593697548	-0.5663109347224236	-0.611102070659399
863	0.04479113593697548	-0.5663109347224236	-0.611102070659399
864	0.04479113593697548	-0.5663109347224236	-0.611102070659399
865	0.04479113593697548	-0.5663109347224236	-0.611102070659399
866	0.04479113593697548	-0.5663109347224236	-0.611102070659399
867	0.04479113593697548	-0.5663109347224236	-0.611102070659399
868	0.04479113593697548	-0.5663109347224236	-0.611102070659399
869	0.04479113593697548	-0.5663109347224236	-0.611102070659399
870	0.04479113593697548	-0.5663109347224236	-0.611102070659399
871	0.04479113593697548	-0.5663109347224236	-0.611102070659399
872	0.04479113593697548	-0.5663109347224236	-0.611102070659399
873	0.04479113593697548	-0.5663109347224236	-0.611102070659399
874	0.04479113593697548	-0.5663109347224236	-0.611102070659399
875	0.04479113593697548	-0.5663109347224236	-0.611102070659399
876	0.04479113593697548	-0.5663109347224236	-0.611102070659399
877	0.04479113593697548	-0.5663109347224236	-0.611102070659399
878	0.04479113593697548	-0.5663109347224236	-0.611102070659399
879	0.04479113593697548	-0.5663109347224236	-0.611102070659399
880	0.04479113593697548	-0.5663109347224236	-0.611102070659399
881	0.04479113593697548	-0.5663109347224236	-0.611102070659399
882	0.04479113593697548	-0.5663109347224236	-0.611102070659399
883	0.04479113593697548	-0.5663109347224236	-0.611102070659399
884	0.04479113593697548	-0.5663109347224236	-0.611102070659399
885	0.04479113593697548	-0.5663109347224236	-0.611102070659399
886	0.04479113593697548	-0.5663109347224236	-0.611102070659399
887	0.04479113593697548	-0.5663109347224236	-0.611102070659399
888	0.04479113593697548	-0.5663109347224236	-0.611102070659399
889	0.04479113593697548	-0.5663109347224236	-0.611102070659399
890	0.04479113593697548	-0.5663109347224236	-0.611102070659399
891	0.04479113593697548	-0.5663109347224236	-0.611102070659399
892	0.04479113593697548	-0.5663109347224236	-0.611102070659399
893	0.04479113593697548	-0.5663109347224236	-0.611102070659399
894	0.04479113593697548	-0.5663109347224236	-0.611102070659399
895	0.04479113593697548	-0.5663109347224236	-0.611102070659399
896	0.04479113593697548	-0.5663109347224236	-0.611102070659399
897	0.04479113593697548	-0.5663109347224236	-0.611102070659399
898	0.04479113593697548	-0.5663109347224236	-0.611102070659399
899	0.04479113593697548	-0.5663109347224236	-0.611102070659399
900	0.04479113593697548	-0.5663109347224236	-0.611102070659399
901	0.04479113593697548	-0.5663109347224236	-0.611102070659399
902	0.04479113593697548	-0.5663109347224236	-0.611102070659399
903	0.04479113593697548	-0.5663109347224236	-0.611102070659399
904	0.04479113593697548	-0.5663109347224236	-0.611102070659399
905	0.04479113593697548	-0.5663109347224236	-0.611102070659399
906	0.04479113593697548	-0.5663109347224236	-0.611102070659399
907	0.04479113593697548	-0.5663109347224236	-0.611102070659399
908	0.04479113593697548	-0.5663109347224236	-0.611102070659399
909	0.04479113593697548	-0.5663109347224236	-0.611102070659399
910	0.04479113593697548	-0.5663109347224236	-0.611102070659399
911	0.04479113593697548	-0.5663109347224236	-0.611102070659399
912	0.04479113593697548	-0.5663109347224236	-0.611102070659399
913	0.04479113593697548	-0.5663109347224236	-0.611102070659399
914	0.04479113593697548	-0.5663109347224236	-0.611102070659399
915	0.04479113593697548	-0.5663109347224236	-0.611102070659399
916	0.04479113593697548	-0.5663109347224236	-0.611102070659399
917	0.04479113593697548	-0.5663109347224236	-0.611102070659399
918	0.04479113593697548	-0.5663109347224236	-0.611102070659399
919	0.04479113593697548	-0.5663109347224236	-0.611102070659399
920	0.04479113593697548	-0.5663109347224236	-0.611102070659399
921	0.04479113593697548	-0.5663109347224236	-0.611102070659399
922	0.04479113593697548	-0.5663109347224236	-0.611102070659399
923	0.04479113593697548	-0.5663109347224236	-0.611102070659399
924	0.04479113593697548	-0.5663109347224236	-0.611102070659399
925	0.04479113593697548	-0.5663109347224236	-0.611102070659399
926	0.04479113593697548	-0.5663109347224236	-0.611102070659399
927	0.04479113593697548	-0.5663109347224236	-0.611102070659399
928	0.04479113593697548	-0.5663109347224236	-0.611102070659399
929	0.04479113593697548	-0.5663109347224236	-0.611102070659399
930	0.04479113593697548	-0.5663109347224236	-0.611102070659399
931	0.04479113593697548	-0.5663109347224236	-0.611102070659399
932	0.04479113593697548	-0.5663109347224236	-0.611102070659399
933	0.04479113593697548	-0.5663109347224236	-0.611102070659399
934	0.04479113593697548	-0.5663109347224236	-0.611102070659399
935	0.04479113593697548	-0.5663109347224236	-0.611102070659399
936	0.04479113593697548	-0.5663109347224236	-0.611102070659399
937	0.04479113593697548	-0.5663109347224236	-0.611102070659399
938	0.04479113593697548	-0.5663109347224236	-0.611102070659399
939	0.04479113593697548	-0.5663109347224236	-0.611102070659399
940	0.04479113593697548	-0.5663109347224236	-0.611102070659399
941	0.04479113593697548	-0.5663109347224236	-0.611102070659399
942	0.04479113593697548	-0.5663109347224236	-0.611102070659399
943	0.04479113593697548	-0.5663109347224236	-0.611102070659399
944	0.04479113593697548	-0.5663109347224236	-0.611102070659399
945	0.04479113593697548	-0.5663109347224236	-0.611102070659399
946	0.04479113593697548	-0.5663109347224236	-0.611102070659399
947	0.04479113593697548	-0.5663109347224236	-0.611102070659399
948	0.04479113593697548	-0.5663109347224236	-0.611102070659399
949	0.04479113593697548	-0.5663109347224236	-0.611102070659399
950	0.04479113593697548	-0.5663109347224236	-0.611102070659399
951	0.04479113593697548	-0.5663109347224236	-0.611102070659399
952	0.04479113593697548	-0.5663109347224236	-0.611102070659399
953	0.04479113593697548	-0.5663109347224236	-0.611102070659399
954	0.04479113593697548	-0.5663109347224236	-0.611102070659399
955	0.04479113593697548	-0.5663109347224236	-0.611102070659399
956	0.04479113593697548	-0.5663109347224236	-0.611102070659399
957	0.04479113593697548	-0.5663109347224236	-0.611102070659399
958	0.04479113593697548	-0.5663109347224236	-0.611102070659399
959	0.04479113593697548	-0.5663109347224236	-0.611102070659399
960	0.04479113593697548	-0.5663109347224236	-0.611102070659399
961	0.04479113593697548	-0.5663109347224236	-0.611102070659399
962	0.04479113593697548	-0.5663109347224236	-0.611102070659399
963	0.04479113593697548	-0.5663109347224236	-0.611102070659399
964	0.04479113593697548	-0.5663109347224236	-0.611102070659399
965	0.04479113593697548	-0.5663109347224236	-0.611102070659399
966	0.04479113593697548	-0.5663109347224236	-0.611102070659399
967	0.04479113593697548	-0.5663109347224236	-0.611102070659399
968	0.04479113593697548	-0.5663109347224236	-0.611102070659399
969	0.04479113593697548	-0.5663109347224236	-0.611102070659399
970	0.04479113593697548	-0.5663109347224236	-0.611102070659399
971	0.04479113593697548	-0.5663109347224236	-0.611102070659399
972	0.04479113593697548	-0.5663109347224236	-0.611102070659399
973	0.04479113593697548	-0.5663109347224236	-0.611102070659399
974	0.04479113593697548	-0.5663109347224236	-0.611102070659399
975	0.04479113593697548	-0.5663109347224236	-0.611102070659399
976	0.04479113593697548	-0.5663109347224236	-0.611102070659399
977	0.04479113593697548	-0.5663109347224236	-0.611102070659399
978	0.04479113593697548	-0.5663109347224236	-0.611102070659399
979	0.04479113593697548	-0.5663109347224236	-0.611102070659399
980	0.04479113593697548	-0.5663109347224236	-0.611102070659399
981	0.04479113593697548	-0.5663109347224236	-0.611102070659399
982	0.04479113593697548	-0.5663109347224236	-0.611102070659399
983	0.04479113593697548	-0.5663109347224236	-0.611102070659399
984	0.04479113593697548	-0.5663109347224236	-0.611102070659399
985	0.04479113593697548	-0.5663109347224236	-0.611102070659399
986	0.04479113593697548	-0.5663109347224236	-0.611102070659399
987	0.04479113593697548	-0.5663109347224236	-0.611102070659399
988	0.04479113593697548	-0.5663109347224236	-0.611102070659399
989	0.04479113593697548	-0.5663109347224236	-0.611102070659399
990	0.04479113593697548	-0.5663109347224236	-0.611102070659399
991	0.04479113593697548	-0.5663109347224236	-0.611102070659399
992	0.04479113593697548	-0.5663109347224236	-0.611102070659399
993	0.04479113593697548	-0.5663109347224236	-0.611102070659399
994	0.04479113593697548	-0.5663109347224236	-0.611102070659399
995	0.04479113593697548	-0.5663109347224236	-0.611102070659399
996	0.04479113593697548	-0.5663109347224236	-0.611102070659399
997	0.04479113593697548	-0.5663109347224236	-0.611102070659399
998	0.04479113593697548	-0.5663109347224236	-0.611102070659399
999	0.04479113593697548	-0.5663109347224236	-0.611102070659399
1000	0.04479113593697548	-0.5663109347224236	-0.611102070659399

Best Loss: 0.04479113593697548

Training Time (seconds): 268.0600095000001
