Iteration	Loss (h)	Total Cost (f)	Cost g
1	0.7557202577590942	0.7557202577590942	0
2	0.6692973375320435	0.5828744173049927	-0.08642292022705078
3	0.5994060635566711	0.44309186935424805	-0.1563141942024231
4	0.5466612577438354	0.33760225772857666	-0.2090590000152588
5	0.5095581412315369	0.2633960247039795	-0.24616211652755737
6	0.49086758494377136	0.2260149121284485	-0.2648526728153229
7	0.4798232316970825	0.2039262056350708	-0.2758970260620117
8	0.4672119915485382	0.17870372533798218	-0.28850826621055603
9	0.4619186222553253	0.1681169867515564	-0.2938016355037689
10	0.4537813663482666	0.15184247493743896	-0.30193889141082764
11	0.44632112979888916	0.13692200183868408	-0.3093991279602051
12	0.44219523668289185	0.12867021560668945	-0.3135250210762024
13	0.43843361735343933	0.12114697694778442	-0.3172866404056549
14	0.4338870346546173	0.11205381155014038	-0.32183322310447693
15	0.4299919009208679	0.1042635440826416	-0.3257283568382263
16	0.4253540337085724	0.09498780965805054	-0.33036622405052185
17	0.4219273626804352	0.08813446760177612	-0.33379289507865906
18	0.4191078841686249	0.08249551057815552	-0.33661237359046936
19	0.4153846502304077	0.07504904270172119	-0.3403356075286865
20	0.41343098878860474	0.07114171981811523	-0.3422892689704895
21	0.409836083650589	0.06395190954208374	-0.34588417410850525
22	0.4078637361526489	0.06000721454620361	-0.3478565216064453
23	0.406655490398407	0.05759072303771973	-0.34906476736068726
24	0.4052119553089142	0.05470365285873413	-0.35050830245018005
25	0.4039682447910309	0.05221623182296753	-0.35175201296806335
26	0.4025564193725586	0.04939258098602295	-0.35316383838653564
27	0.40150147676467896	0.04728269577026367	-0.3542187809944153
28	0.4000951647758484	0.04447007179260254	-0.35562509298324585
29	0.39902088046073914	0.04232150316238403	-0.3566993772983551
30	0.39732810854911804	0.038935959339141846	-0.3583921492099762
31	0.3961227238178253	0.036525189876556396	-0.3595975339412689
32	0.3953147232532501	0.034909188747406006	-0.3604055345058441
33	0.39425140619277954	0.032782554626464844	-0.3614688515663147
34	0.3932079076766968	0.030695557594299316	-0.36251235008239746
35	0.3914855718612671	0.02725088596343994	-0.36423468589782715
36	0.3890376091003418	0.022354960441589355	-0.36668264865875244
37	0.3883397877216339	0.020959317684173584	-0.3673804700374603
38	0.387571781873703	0.019423305988311768	-0.36814847588539124
39	0.38693803548812866	0.018155813217163086	-0.3687822222709656
40	0.3857347071170807	0.01574915647506714	-0.36998555064201355
41	0.3840089738368988	0.01229768991470337	-0.37171128392219543
42	0.3823246359825134	0.008929014205932617	-0.3733956217765808
43	0.38161882758140564	0.007517397403717041	-0.3741014301776886
44	0.380952924489975	0.006185591220855713	-0.37476733326911926
45	0.37894558906555176	0.0021709203720092773	-0.3767746686935425
46	0.3781927525997162	0.0006652474403381348	-0.37752750515937805
47	0.37701308727264404	-0.0016940832138061523	-0.3787071704864502
48	0.3758711814880371	-0.0039778947830200195	-0.37984907627105713
49	0.3753122091293335	-0.005095839500427246	-0.38040804862976074
50	0.374811589717865	-0.006097078323364258	-0.38090866804122925
51	0.3743934631347656	-0.006933331489562988	-0.3813267946243286
52	0.3732489049434662	-0.009222447872161865	-0.38247135281562805
53	0.3724985122680664	-0.010723233222961426	-0.38322174549102783
54	0.37206313014030457	-0.011593997478485107	-0.3836571276187897
55	0.37173622846603394	-0.012247800827026367	-0.3839840292930603
56	0.370942622423172	-0.013835012912750244	-0.38477763533592224
57	0.3703216016292572	-0.015077054500579834	-0.38539865612983704
58	0.37001651525497437	-0.015687227249145508	-0.3857037425041199
59	0.36957770586013794	-0.01656484603881836	-0.3861425518989563
60	0.3692725598812103	-0.017175137996673584	-0.3864476978778839
61	0.368915855884552	-0.017888545989990234	-0.38680440187454224
62	0.3684390187263489	-0.018842220306396484	-0.38728123903274536
63	0.36817052960395813	-0.01937919855117798	-0.3875497281551361
64	0.3677757680416107	-0.020168721675872803	-0.3879444897174835
65	0.36724862456321716	-0.021223008632659912	-0.3884716331958771
66	0.3669390082359314	-0.021842241287231445	-0.38878124952316284
67	0.3666455149650574	-0.022429227828979492	-0.38907474279403687
68	0.36640650033950806	-0.022907257080078125	-0.3893137574195862
69	0.3661418855190277	-0.02343648672103882	-0.38957837224006653
70	0.36589834094047546	-0.02392357587814331	-0.3898219168186188
71	0.3656647801399231	-0.024390697479248047	-0.39005547761917114
72	0.36524489521980286	-0.025230467319488525	-0.3904753625392914
73	0.3651181161403656	-0.025484025478363037	-0.39060214161872864
74	0.36498820781707764	-0.025743842124938965	-0.3907320499420166
75	0.3645060658454895	-0.026708126068115234	-0.39121419191360474
76	0.36433514952659607	-0.0270499587059021	-0.39138510823249817
77	0.36398059129714966	-0.027759075164794922	-0.3917396664619446
78	0.3637132942676544	-0.0282936692237854	-0.3920069634914398
79	0.36353811621665955	-0.028644025325775146	-0.3921821415424347
80	0.3631709814071655	-0.029378294944763184	-0.3925492763519287
81	0.36302995681762695	-0.029660344123840332	-0.3926903009414673
82	0.3626580238342285	-0.030404210090637207	-0.3930622339248657
83	0.36136242747306824	-0.032995402812957764	-0.394357830286026
84	0.35996872186660767	-0.035782814025878906	-0.3957515358924866
85	0.3588096797466278	-0.03810089826583862	-0.39691057801246643
86	0.3580409288406372	-0.039638400077819824	-0.39767932891845703
87	0.3567531704902649	-0.04221391677856445	-0.39896708726882935
88	0.3563411235809326	-0.043038010597229004	-0.3993791341781616
89	0.355335533618927	-0.045049190521240234	-0.40038472414016724
90	0.35503339767456055	-0.045653462409973145	-0.4006868600845337
91	0.3548415005207062	-0.046037256717681885	-0.40087875723838806
92	0.35435593128204346	-0.047008395195007324	-0.4013643264770508
93	0.3542383909225464	-0.047243475914001465	-0.40148186683654785
94	0.3541095554828644	-0.04750114679336548	-0.40161070227622986
95	0.35387954115867615	-0.04796117544174194	-0.4018407166004181
96	0.35358893871307373	-0.04854238033294678	-0.4021313190460205
97	0.3530943989753723	-0.04953145980834961	-0.4026258587837219
98	0.3527699410915375	-0.05018037557601929	-0.40295031666755676
99	0.35231950879096985	-0.05108124017715454	-0.4034007489681244
100	0.35158467292785645	-0.05255091190338135	-0.4041355848312378
101	0.35125142335891724	-0.053217411041259766	-0.404468834400177
102	0.3503876328468323	-0.05494499206542969	-0.40533262491226196
103	0.350023090839386	-0.055674076080322266	-0.40569716691970825
104	0.34959161281585693	-0.05653703212738037	-0.4061286449432373
105	0.3488709032535553	-0.05797845125198364	-0.40684935450553894
106	0.3484053313732147	-0.058909595012664795	-0.4073149263858795
107	0.34791016578674316	-0.05989992618560791	-0.4078100919723511
108	0.3473994731903076	-0.060921311378479004	-0.4083207845687866
109	0.3471626043319702	-0.06139504909515381	-0.408557653427124
110	0.3465047776699066	-0.062710702419281	-0.4092154800891876
111	0.34635549783706665	-0.06300926208496094	-0.4093647599220276
112	0.3461540639400482	-0.0634121298789978	-0.409566193819046
113	0.3459637463092804	-0.06379276514053345	-0.40975651144981384
114	0.34564340114593506	-0.06443345546722412	-0.4100768566131592
115	0.34513333439826965	-0.06545358896255493	-0.4105869233608246
116	0.34481558203697205	-0.06608909368515015	-0.4109046757221222
117	0.34455567598342896	-0.06660890579223633	-0.4111645817756653
118	0.34435826539993286	-0.06700372695922852	-0.4113619923591614
119	0.34413039684295654	-0.06745946407318115	-0.4115898609161377
120	0.3436489701271057	-0.06842231750488281	-0.4120712876319885
121	0.34343430399894714	-0.06885164976119995	-0.4122859537601471
122	0.3432256579399109	-0.06926894187927246	-0.41249459981918335
123	0.3429795801639557	-0.06976109743118286	-0.41274067759513855
124	0.3422844111919403	-0.07115143537521362	-0.41343584656715393
125	0.3420118987560272	-0.0716964602470398	-0.413708359003067
126	0.341819167137146	-0.07208192348480225	-0.41390109062194824
127	0.34155353903770447	-0.0726131796836853	-0.41416671872138977
128	0.34115251898765564	-0.07341521978378296	-0.4145677387714386
129	0.34095028042793274	-0.07381969690322876	-0.4147699773311615
130	0.34071797132492065	-0.07428431510925293	-0.4150022864341736
131	0.34048864245414734	-0.07474297285079956	-0.4152316153049469
132	0.34029799699783325	-0.07512426376342773	-0.415422260761261
133	0.34008124470710754	-0.07555776834487915	-0.4156390130519867
134	0.3396936058998108	-0.07633304595947266	-0.41602665185928345
135	0.33937957882881165	-0.07696110010147095	-0.4163406789302826
136	0.33893412351608276	-0.07785201072692871	-0.4167861342430115
137	0.3386807143688202	-0.07835882902145386	-0.41703954339027405
138	0.3384931683540344	-0.07873392105102539	-0.4172270894050598
139	0.3382812738418579	-0.07915771007537842	-0.41743898391723633
140	0.33806031942367554	-0.07959961891174316	-0.4176599383354187
141	0.33778852224349976	-0.08014321327209473	-0.4179317355155945
142	0.3375921845436096	-0.080535888671875	-0.4181280732154846
143	0.3373689353466034	-0.08098238706588745	-0.41835132241249084
144	0.337054967880249	-0.08161032199859619	-0.4186652898788452
145	0.3369026482105255	-0.08191496133804321	-0.4188176095485687
146	0.33675527572631836	-0.08220970630645752	-0.4189649820327759
147	0.3364213705062866	-0.082877516746521	-0.4192988872528076
148	0.3362601697444916	-0.08319991827011108	-0.41946008801460266
149	0.3361150622367859	-0.08349013328552246	-0.41960519552230835
150	0.33543452620506287	-0.0848512053489685	-0.42028573155403137
151	0.3351253271102905	-0.08546960353851318	-0.4205949306488037
152	0.33481618762016296	-0.08608788251876831	-0.4209040701389313
153	0.3345288932323456	-0.08666247129440308	-0.42119136452674866
154	0.33439910411834717	-0.0869220495223999	-0.42132115364074707
155	0.33405619859695435	-0.08760786056518555	-0.4216640591621399
156	0.33393388986587524	-0.08785247802734375	-0.421786367893219
157	0.33376628160476685	-0.08818769454956055	-0.4219539761543274
158	0.33294883370399475	-0.08982259035110474	-0.4227714240550995
159	0.3327943682670593	-0.09013152122497559	-0.4229258894920349
160	0.33226391673088074	-0.09119242429733276	-0.4234563410282135
161	0.33193498849868774	-0.09185028076171875	-0.4237852692604065
162	0.3315909802913666	-0.09253829717636108	-0.42412927746772766
163	0.3311479985713959	-0.09342426061630249	-0.42457225918769836
164	0.3310197591781616	-0.093680739402771	-0.4247004985809326
165	0.330869197845459	-0.09398186206817627	-0.42485105991363525
166	0.33060887455940247	-0.0945025086402893	-0.4251113831996918
167	0.33008620142936707	-0.09554785490036011	-0.4256340563297272
168	0.32987481355667114	-0.09597063064575195	-0.4258454442024231
169	0.32936662435531616	-0.09698700904846191	-0.4263536334037781
170	0.32904088497161865	-0.09763848781585693	-0.4266793727874756
171	0.3286934792995453	-0.09833329916000366	-0.42702677845954895
172	0.32801124453544617	-0.0996977686882019	-0.42770901322364807
173	0.32770878076553345	-0.10030269622802734	-0.4280114769935608
174	0.3273375928401947	-0.10104507207870483	-0.42838266491889954
175	0.3271060287952423	-0.10150820016860962	-0.42861422896385193
176	0.3268408179283142	-0.10203862190246582	-0.42887943983078003
177	0.3263414204120636	-0.10303741693496704	-0.42937883734703064
178	0.32605457305908203	-0.10361111164093018	-0.4296656847000122
179	0.32586658000946045	-0.10398709774017334	-0.4298536777496338
180	0.3255041539669037	-0.10471194982528687	-0.43021610379219055
181	0.3253019452095032	-0.10511636734008789	-0.43041831254959106
182	0.3248629868030548	-0.10599428415298462	-0.43085727095603943
183	0.32441818714141846	-0.10688388347625732	-0.4313020706176758
184	0.32424211502075195	-0.10723602771759033	-0.4314781427383423
185	0.32382655143737793	-0.10806715488433838	-0.4318937063217163
186	0.3233277201652527	-0.10906481742858887	-0.43239253759384155
187	0.32285356521606445	-0.11001312732696533	-0.4328666925430298
188	0.32248714566230774	-0.11074596643447876	-0.4332331120967865
189	0.32212013006210327	-0.1114799976348877	-0.43360012769699097
190	0.3218890130519867	-0.11194223165512085	-0.43383124470710754
191	0.321380615234375	-0.11295902729034424	-0.43433964252471924
192	0.3205412030220032	-0.11463785171508789	-0.43517905473709106
193	0.32001549005508423	-0.11568927764892578	-0.43570476770401
194	0.31958910822868347	-0.1165420413017273	-0.43613114953041077
195	0.3191799223423004	-0.11736041307449341	-0.4365403354167938
196	0.31878799200057983	-0.11814427375793457	-0.4369322657585144
197	0.3184133470058441	-0.118893563747406	-0.4373069107532501
198	0.3180391788482666	-0.11964190006256104	-0.43768107891082764
199	0.31765443086624146	-0.12041139602661133	-0.4380658268928528
200	0.31723353266716003	-0.12125319242477417	-0.4384867250919342
201	0.3160988688468933	-0.12352252006530762	-0.4396213889122009
202	0.3155178725719452	-0.12468451261520386	-0.44020238518714905
203	0.31494951248168945	-0.12582123279571533	-0.4407707452774048
204	0.31439366936683655	-0.12693291902542114	-0.4413265883922577
205	0.3138505220413208	-0.12801921367645264	-0.44186973571777344
206	0.3133200705051422	-0.12908011674880981	-0.442400187253952
207	0.31280243396759033	-0.13011538982391357	-0.4429178237915039
208	0.31229761242866516	-0.13112503290176392	-0.4434226453304291
209	0.31180575489997864	-0.13210874795913696	-0.4439145028591156
210	0.31132686138153076	-0.13306653499603271	-0.4443933963775635
211	0.3108275830745697	-0.13406509160995483	-0.44489267468452454
212	0.3103029429912567	-0.1351143717765808	-0.4454173147678375
213	0.3098127841949463	-0.13609468936920166	-0.44590747356414795
214	0.3093355894088745	-0.13704907894134521	-0.4463846683502197
215	0.30887144804000854	-0.13797736167907715	-0.4468488097190857
216	0.3083549439907074	-0.13901036977767944	-0.44736531376838684
217	0.3078429102897644	-0.14003443717956543	-0.44787734746932983
218	0.3073451519012451	-0.141029953956604	-0.4483751058578491
219	0.3068616986274719	-0.1419968605041504	-0.4488585591316223
220	0.3063926696777344	-0.1429349184036255	-0.44932758808135986
221	0.3059380352497101	-0.14384418725967407	-0.44978222250938416
222	0.305497944355011	-0.14472436904907227	-0.45022231340408325
223	0.30505549907684326	-0.14560925960540771	-0.450664758682251
224	0.3045993745326996	-0.14652150869369507	-0.45112088322639465
225	0.3041577637195587	-0.1474047303199768	-0.4515624940395355
226	0.303730845451355	-0.14825856685638428	-0.45198941230773926
227	0.3033185303211212	-0.1490831971168518	-0.452401727437973
228	0.30289363861083984	-0.14993298053741455	-0.4528266191482544
229	0.3024616837501526	-0.15079689025878906	-0.45325857400894165
230	0.30204421281814575	-0.15163183212280273	-0.4536760449409485
231	0.3016316294670105	-0.15245699882507324	-0.45408862829208374
232	0.30119824409484863	-0.15332376956939697	-0.4545220136642456
233	0.3007793724536896	-0.1541615128517151	-0.45494088530540466
234	0.3003751039505005	-0.15497004985809326	-0.45534515380859375
235	0.29998546838760376	-0.15574932098388672	-0.4557347893714905
236	0.29958412051200867	-0.1565520167350769	-0.45613613724708557
237	0.29915520548820496	-0.15740984678268433	-0.4565650522708893
238	0.2987404465675354	-0.15823936462402344	-0.45697981119155884
239	0.29833975434303284	-0.15904074907302856	-0.4573805034160614
240	0.2979532480239868	-0.1598137617111206	-0.4577670097351074
241	0.2975776493549347	-0.16056495904922485	-0.45814260840415955
242	0.2971755564212799	-0.16136914491653442	-0.45854470133781433
243	0.29678770899772644	-0.16214483976364136	-0.4589325487613678
244	0.29641416668891907	-0.1628919243812561	-0.45930609107017517
245	0.2960548996925354	-0.16361045837402344	-0.45966535806655884
246	0.2956811487674713	-0.1643579602241516	-0.4600391089916229
247	0.29530152678489685	-0.16511720418930054	-0.4604187309741974
248	0.29493603110313416	-0.16584819555282593	-0.4607842266559601
249	0.2945846915245056	-0.166550874710083	-0.4611355662345886
250	0.2942146062850952	-0.1672910451889038	-0.461505651473999
251	0.2937181890010834	-0.1682838797569275	-0.46200206875801086
252	0.2931300401687622	-0.16946017742156982	-0.46259021759033203
253	0.2927020788192749	-0.17031610012054443	-0.46301817893981934
254	0.29230377078056335	-0.17111271619796753	-0.4634164869785309
255	0.2919195294380188	-0.17188119888305664	-0.46380072832107544
256	0.2915494740009308	-0.17262130975723267	-0.46417078375816345
257	0.2911936044692993	-0.1733330488204956	-0.4645266532897949
258	0.29080894589424133	-0.17410236597061157	-0.4649113118648529
259	0.29043760895729065	-0.17484503984451294	-0.4652826488018036
260	0.2900805175304413	-0.17555922269821167	-0.46563974022865295
261	0.2897377610206604	-0.17624473571777344	-0.46598249673843384
262	0.28936082124710083	-0.17699861526489258	-0.4663594365119934
263	0.28899675607681274	-0.17772674560546875	-0.4667235016822815
264	0.2886466681957245	-0.17842692136764526	-0.46707358956336975
265	0.28831058740615845	-0.17909908294677734	-0.4674096703529358
266	0.28796735405921936	-0.17978554964065552	-0.4677529036998749
267	0.2874211370944977	-0.18087798357009888	-0.46829912066459656
268	0.28685739636421204	-0.18200546503067017	-0.4688628613948822
269	0.28645408153533936	-0.18281209468841553	-0.4692661762237549
270	0.28607168793678284	-0.18357688188552856	-0.4696485698223114
271	0.28570324182510376	-0.18431377410888672	-0.4700170159339905
272	0.28534871339797974	-0.18502283096313477	-0.4703715443611145
273	0.2850082516670227	-0.18570375442504883	-0.47071200609207153
274	0.28464990854263306	-0.18642044067382812	-0.4710703492164612
275	0.2842923700809479	-0.1871355175971985	-0.47142788767814636
276	0.283711314201355	-0.18829762935638428	-0.47200894355773926
277	0.2832702696323395	-0.18917971849441528	-0.47244998812675476
278	0.282880961894989	-0.1899583339691162	-0.4728392958641052
279	0.28249701857566833	-0.19072622060775757	-0.4732232391834259
280	0.2821265161037445	-0.19146722555160522	-0.47359374165534973
281	0.28177013993263245	-0.19217997789382935	-0.4739501178264618
282	0.2814054787158966	-0.19290930032730103	-0.47431477904319763
283	0.28102901577949524	-0.19366222620010376	-0.474691241979599
284	0.2806665599346161	-0.19438713788986206	-0.47505369782447815
285	0.280318021774292	-0.19508421421051025	-0.47540223598480225
286	0.2799835503101349	-0.19575315713882446	-0.47573670744895935
287	0.27963021397590637	-0.1964598298072815	-0.47609004378318787
288	0.2792186439037323	-0.19728296995162964	-0.47650161385536194
289	0.2786358892917633	-0.19844847917556763	-0.47708436846733093
290	0.2782053053379059	-0.19930964708328247	-0.47751495242118835
291	0.2778254449367523	-0.2000693678855896	-0.4778948128223419
292	0.2774595320224762	-0.20080119371414185	-0.47826072573661804
293	0.2771075963973999	-0.20150506496429443	-0.47861266136169434
294	0.2767435908317566	-0.20223307609558105	-0.47897666692733765
295	0.2763766348361969	-0.20296698808670044	-0.47934362292289734
296	0.2760237753391266	-0.20367270708084106	-0.47969648241996765
297	0.27568501234054565	-0.20435023307800293	-0.4800352454185486
298	0.275348961353302	-0.20502233505249023	-0.48037129640579224
299	0.2749883532524109	-0.20574355125427246	-0.48073190450668335
300	0.2746414244174957	-0.20643740892410278	-0.4810788333415985
301	0.2743082344532013	-0.20710378885269165	-0.48141202330589294
302	0.27398306131362915	-0.20775413513183594	-0.4817371964454651
303	0.27348625659942627	-0.2087477445602417	-0.48223400115966797
304	0.27292871475219727	-0.2098628282546997	-0.482791543006897
305	0.2725215256214142	-0.21067720651626587	-0.48319873213768005
306	0.2721448242664337	-0.2114306092262268	-0.4835754334926605
307	0.2717818319797516	-0.21215659379959106	-0.48393842577934265
308	0.2714325189590454	-0.21285521984100342	-0.48428773880004883
309	0.27109333872795105	-0.21353358030319214	-0.4846269190311432
310	0.2707296311855316	-0.214260995388031	-0.4849906265735626
311	0.2703797519207001	-0.2149607539176941	-0.48534050583839417
312	0.2700435221195221	-0.21563321352005005	-0.48567673563957214
313	0.2697208821773529	-0.21627849340438843	-0.48599937558174133
314	0.2693828046321869	-0.21695464849472046	-0.48633745312690735
315	0.2690393626689911	-0.21764153242111206	-0.48668089509010315
316	0.268709659576416	-0.2183009386062622	-0.4870105981826782
317	0.26839369535446167	-0.2189328670501709	-0.48732656240463257
318	0.2680630087852478	-0.21959424018859863	-0.48765724897384644
319	0.26750892400741577	-0.2207024097442627	-0.48821133375167847
320	0.26694539189338684	-0.22182947397232056	-0.4887748658657074
321	0.2665362060070038	-0.22264784574508667	-0.48918405175209045
322	0.26616743206977844	-0.22338539361953735	-0.4895528256893158
323	0.26582083106040955	-0.22407859563827515	-0.4898994266986847
324	0.26544007658958435	-0.22484010457992554	-0.4902801811695099
325	0.26485922932624817	-0.2260017991065979	-0.49086102843284607
326	0.2644317150115967	-0.22685682773590088	-0.49128854274749756
327	0.26406046748161316	-0.22759932279586792	-0.4916597902774811
328	0.2637028098106384	-0.22831463813781738	-0.4920174479484558
329	0.2633589804172516	-0.22900229692459106	-0.49236127734184265
330	0.2630029320716858	-0.22971439361572266	-0.49271732568740845
331	0.26264458894729614	-0.23043107986450195	-0.4930756688117981
332	0.2623000741004944	-0.23112010955810547	-0.49342018365859985
333	0.26196926832199097	-0.2317817211151123	-0.49375098943710327
334	0.26164814829826355	-0.23242396116256714	-0.4940721094608307
335	0.2612963020801544	-0.2331276535987854	-0.4944239556789398
336	0.26095813512802124	-0.23380398750305176	-0.494762122631073
337	0.2606337070465088	-0.23445284366607666	-0.49508655071258545
338	0.2603166699409485	-0.23508691787719727	-0.49540358781814575
339	0.2598434388637543	-0.2360333800315857	-0.49587681889533997
340	0.25929224491119385	-0.23713576793670654	-0.4964280128479004
341	0.2588965892791748	-0.23792707920074463	-0.49682366847991943
342	0.2585051357746124	-0.23870998620986938	-0.4972151219844818
343	0.2580048441886902	-0.23971056938171387	-0.49771541357040405
344	0.2576403319835663	-0.24043959379196167	-0.49807992577552795
345	0.2573106288909912	-0.24109899997711182	-0.498409628868103
346	0.2569953501224518	-0.24172955751419067	-0.49872490763664246
347	0.2566521465778351	-0.24241596460342407	-0.49906811118125916
348	0.25620323419570923	-0.24331378936767578	-0.499517023563385
349	0.25562363862991333	-0.24447298049926758	-0.5000966191291809
350	0.25519809126853943	-0.24532407522201538	-0.5005221664905548
351	0.2548404633998871	-0.24603933095932007	-0.5008797943592072
352	0.2544969320297241	-0.246726393699646	-0.5012233257293701
353	0.2541680335998535	-0.2473841905593872	-0.5015522241592407
354	0.25381189584732056	-0.24809646606445312	-0.5019083619117737
355	0.25346827507019043	-0.24878370761871338	-0.5022519826889038
356	0.25324204564094543	-0.24923616647720337	-0.5024782121181488
357	0.25264519453048706	-0.2504298686981201	-0.5030750632286072
358	0.2521604001522064	-0.2513994574546814	-0.5035598576068878
359	0.2518734633922577	-0.25197333097457886	-0.5038467943668365
360	0.2515367865562439	-0.25264668464660645	-0.5041834712028503
361	0.25125259160995483	-0.25321507453918457	-0.5044676661491394
362	0.250975102186203	-0.25377005338668823	-0.5047451555728912
363	0.2506595551967621	-0.25440114736557007	-0.5050607025623322
364	0.25033900141716003	-0.25504225492477417	-0.5053812563419342
365	0.2500157952308655	-0.2556886672973633	-0.5057044625282288
366	0.24957799911499023	-0.25656425952911377	-0.506142258644104
367	0.24901914596557617	-0.2576819658279419	-0.5067011117935181
368	0.24862024188041687	-0.2584797739982605	-0.5071000158786774
369	0.24823929369449615	-0.25924167037010193	-0.5074809640645981
370	0.24781662225723267	-0.2600870132446289	-0.5079036355018616
371	0.24737894535064697	-0.2609623670578003	-0.5083413124084473
372	0.24698741734027863	-0.261745423078537	-0.5087328404188156
373	0.2466556578874588	-0.26240894198417664	-0.5090645998716354
374	0.24633264541625977	-0.2630549669265747	-0.5093876123428345
375	0.24610364437103271	-0.2635129690170288	-0.5096166133880615
376	0.2458203136920929	-0.26407963037490845	-0.5098999440670013
377	0.24547629058361053	-0.26476767659187317	-0.5102439671754837
378	0.2452084720134735	-0.2653033137321472	-0.5105117857456207
379	0.24494901299476624	-0.26582223176956177	-0.510771244764328
380	0.24471895396709442	-0.2662823498249054	-0.5110013037919998
381	0.24449008703231812	-0.266740083694458	-0.5112301707267761
382	0.24409937858581543	-0.2675215005874634	-0.5116208791732788
383	0.2435445934534073	-0.26863107085227966	-0.512175664305687
384	0.24321089684963226	-0.2692984640598297	-0.512509360909462
385	0.24290268123149872	-0.2699148952960968	-0.5128175765275955
386	0.24266886711120605	-0.27038252353668213	-0.5130513906478882
387	0.24247463047504425	-0.27077099680900574	-0.51324562728405
388	0.24227088689804077	-0.2711784839630127	-0.5134493708610535
389	0.24207140505313873	-0.2715774476528168	-0.5136488527059555
390	0.24188517034053802	-0.2719499170780182	-0.5138350874185562
391	0.24158595502376556	-0.2725483477115631	-0.5141343027353287
392	0.24128910899162292	-0.2731420397758484	-0.5144311487674713
393	0.2410474568605423	-0.27362534403800964	-0.5146728008985519
394	0.2407931685447693	-0.27413392066955566	-0.514927089214325
395	0.24058419466018677	-0.2745518684387207	-0.5151360630989075
396	0.2403693050146103	-0.27498164772987366	-0.515350952744484
397	0.23988574743270874	-0.27594876289367676	-0.5158345103263855
398	0.2394545078277588	-0.27681124210357666	-0.5162657499313354
399	0.23919570446014404	-0.27732884883880615	-0.5165245532989502
400	0.2389293909072876	-0.27786147594451904	-0.5167908668518066
401	0.23866331577301025	-0.27839362621307373	-0.517056941986084
402	0.23843270540237427	-0.2788548469543457	-0.51728755235672
403	0.23820669949054718	-0.2793068587779999	-0.5175135582685471
404	0.237991064786911	-0.2797381281852722	-0.5177291929721832
405	0.23779696226119995	-0.28012633323669434	-0.5179232954978943
406	0.2375839650630951	-0.28055232763290405	-0.5181362926959991
407	0.23730838298797607	-0.2811034917831421	-0.5184118747711182
408	0.23708416521549225	-0.28155192732810974	-0.518636092543602
409	0.23687100410461426	-0.2819782495498657	-0.51884925365448
410	0.23667941987514496	-0.2823614180088043	-0.5190408378839493
411	0.23653055727481842	-0.2826591432094574	-0.5191897004842758
412	0.23628033697605133	-0.2831595838069916	-0.5194399207830429
413	0.2359505295753479	-0.28381919860839844	-0.5197697281837463
414	0.23522134125232697	-0.2852775752544403	-0.5204989165067673
415	0.23482154309749603	-0.2860771715641022	-0.5208987146615982
416	0.23457466065883636	-0.2865709364414215	-0.5211455971002579
417	0.23433902859687805	-0.28704220056533813	-0.5213812291622162
418	0.2341236174106598	-0.28747302293777466	-0.5215966403484344
419	0.23390361666679382	-0.2879130244255066	-0.5218166410923004
420	0.23367148637771606	-0.2883772850036621	-0.5220487713813782
421	0.23344890773296356	-0.2888224422931671	-0.5222713500261307
422	0.23326709866523743	-0.2891860604286194	-0.5224531590938568
423	0.23307709395885468	-0.2895660698413849	-0.5226431638002396
424	0.2327907234430313	-0.2901388108730316	-0.5229295343160629
425	0.23259662091732025	-0.29052701592445374	-0.523123636841774
426	0.23240196704864502	-0.2909163236618042	-0.5233182907104492
427	0.23205411434173584	-0.29161202907562256	-0.5236661434173584
428	0.23141145706176758	-0.2928973436355591	-0.5243088006973267
429	0.23117661476135254	-0.29336702823638916	-0.5245436429977417
430	0.23092220723628998	-0.2938758432865143	-0.5247980505228043
431	0.23073174059391022	-0.2942567765712738	-0.524988517165184
432	0.23053669929504395	-0.29464685916900635	-0.5251835584640503
433	0.23029778897762299	-0.29512467980384827	-0.5254224687814713
434	0.23009970784187317	-0.2955208420753479	-0.5256205499172211
435	0.22993925213813782	-0.2958417534828186	-0.5257810056209564
436	0.2297797054052353	-0.29616084694862366	-0.525940552353859
437	0.2294829785823822	-0.29675430059432983	-0.526237279176712
438	0.22929535806179047	-0.2971295416355133	-0.5264248996973038
439	0.22908389568328857	-0.2975524663925171	-0.5266363620758057
440	0.2289261668920517	-0.29786792397499084	-0.5267940908670425
441	0.22865687310695648	-0.2984065115451813	-0.5270633846521378
442	0.2284518927335739	-0.2988164722919464	-0.5272683650255203
443	0.22826816141605377	-0.2991839349269867	-0.5274520963430405
444	0.2280624806880951	-0.29959529638290405	-0.5276577770709991
445	0.22789302468299866	-0.2999342083930969	-0.5278272330760956
446	0.2277153879404068	-0.30028948187828064	-0.5280048698186874
447	0.2274724394083023	-0.3007753789424896	-0.5282478183507919
448	0.22725799679756165	-0.30120426416397095	-0.5284622609615326
449	0.22704097628593445	-0.30163830518722534	-0.5286792814731598
450	0.22681444883346558	-0.3020913600921631	-0.5289058089256287
451	0.22666366398334503	-0.3023929297924042	-0.5290565937757492
452	0.22650682926177979	-0.30270659923553467	-0.5292134284973145
453	0.22621621191501617	-0.3032878339290619	-0.5295040458440781
454	0.22605492174625397	-0.3036104142665863	-0.5296653360128403
455	0.22590309381484985	-0.30391407012939453	-0.5298171639442444
456	0.2256651371717453	-0.30438998341560364	-0.5300551205873489
457	0.22551247477531433	-0.3046953082084656	-0.5302077829837799
458	0.22526010870933533	-0.3052000403404236	-0.5304601490497589
459	0.2250853031873703	-0.30554965138435364	-0.5306349545717239
460	0.2249247431755066	-0.30587077140808105	-0.5307955145835876
461	0.22471983730793	-0.30628058314323425	-0.5310004204511642
462	0.22454196214675903	-0.30663633346557617	-0.5311782956123352
463	0.22437164187431335	-0.30697697401046753	-0.5313486158847809
464	0.22418415546417236	-0.3073519468307495	-0.5315361022949219
465	0.22399435937404633	-0.3077315390110016	-0.5317258983850479
466	0.22378353774547577	-0.3081531822681427	-0.5319367200136185
467	0.2234988957643509	-0.30872246623039246	-0.5322213619947433
468	0.22325091063976288	-0.3092184364795685	-0.5324693471193314
469	0.2229822427034378	-0.30975577235221863	-0.5327380150556564
470	0.22268295288085938	-0.3103543519973755	-0.5330373048782349
471	0.22244669497013092	-0.3108268678188324	-0.5332735627889633
472	0.22218061983585358	-0.3113590180873871	-0.5335396379232407
473	0.22192184627056122	-0.3118765652179718	-0.533798411488533
474	0.22170133888721466	-0.3123175799846649	-0.5340189188718796
475	0.22148184478282928	-0.31275656819343567	-0.534238412976265
476	0.22129173576831818	-0.3131367862224579	-0.5344285219907761
477	0.22110441327095032	-0.3135114312171936	-0.5346158444881439
478	0.22088216245174408	-0.3139559328556061	-0.5348380953073502
479	0.22054634988307953	-0.3146275579929352	-0.5351739078760147
480	0.2202218770980835	-0.31527650356292725	-0.5354983806610107
481	0.22000858187675476	-0.3157030940055847	-0.5357116758823395
482	0.2198067307472229	-0.31610679626464844	-0.5359135270118713
483	0.21960709989070892	-0.3165060579776764	-0.5361131578683853
484	0.21935757994651794	-0.31700509786605835	-0.5363626778125763
485	0.21910682320594788	-0.3175066113471985	-0.5366134345531464
486	0.21880324184894562	-0.318113774061203	-0.5369170159101486
487	0.21857184171676636	-0.3185765743255615	-0.5371484160423279
488	0.21834394335746765	-0.31903237104415894	-0.5373763144016266
489	0.21809078752994537	-0.3195386826992035	-0.5376294702291489
490	0.2178611308336258	-0.31999799609184265	-0.5378591269254684
491	0.2176433950662613	-0.32043346762657166	-0.538076862692833
492	0.21743425726890564	-0.32085174322128296	-0.5382860004901886
493	0.21724161505699158	-0.3212370276451111	-0.5384786427021027
494	0.2170526087284088	-0.3216150403022766	-0.5386676490306854
495	0.21687649190425873	-0.3219672739505768	-0.5388437658548355
496	0.2166142612695694	-0.32249173521995544	-0.5391059964895248
497	0.21624085307121277	-0.3232385516166687	-0.5394794046878815
498	0.2160211205482483	-0.32367801666259766	-0.539699137210846
499	0.21579836308956146	-0.3241235315799713	-0.5399218946695328
500	0.21557946503162384	-0.32456132769584656	-0.5401407927274704
501	0.2153615653514862	-0.3249971270561218	-0.540358692407608
502	0.21515093743801117	-0.3254183828830719	-0.5405693203210831
503	0.21493792533874512	-0.325844407081604	-0.5407823324203491
504	0.21474532783031464	-0.32622960209846497	-0.5409749299287796
505	0.21455425024032593	-0.3266117572784424	-0.5411660075187683
506	0.21424852311611176	-0.3272232115268707	-0.5414717346429825
507	0.21395829319953918	-0.32780367136001587	-0.541761964559555
508	0.21374042332172394	-0.32823941111564636	-0.5419798344373703
509	0.21353131532669067	-0.3286576271057129	-0.5421889424324036
510	0.2133348137140274	-0.32905063033103943	-0.5423854440450668
511	0.21314413845539093	-0.3294319808483124	-0.5425761193037033
512	0.21297018229961395	-0.32977989315986633	-0.5427500754594803
513	0.2127804458141327	-0.33015936613082886	-0.5429398119449615
514	0.21250706911087036	-0.3307061195373535	-0.5432131886482239
515	0.2122499942779541	-0.33122026920318604	-0.5434702634811401
516	0.21196694672107697	-0.3317863643169403	-0.5437533110380173
517	0.21176400780677795	-0.33219224214553833	-0.5439562499523163
518	0.21153415739536285	-0.33265194296836853	-0.5441861003637314
519	0.21128299832344055	-0.33315426111221313	-0.5444372594356537
520	0.2110677808523178	-0.3335846960544586	-0.5446524769067764
521	0.21085742115974426	-0.3340054154396057	-0.54486283659935
522	0.2106100469827652	-0.33450016379356384	-0.545110210776329
523	0.2103825956583023	-0.3349550664424896	-0.5453376621007919
524	0.2101321965456009	-0.33545586466789246	-0.5455880612134933
525	0.2099018543958664	-0.33591654896736145	-0.5458184033632278
526	0.20968233048915863	-0.336355596780777	-0.5460379272699356
527	0.20946954190731049	-0.33678117394447327	-0.5462507158517838
528	0.20926937460899353	-0.3371815085411072	-0.5464508831501007
529	0.2090590000152588	-0.33760225772857666	-0.5466612577438354
530	0.20886746048927307	-0.3379853367805481	-0.5468527972698212
531	0.20867663621902466	-0.3383669853210449	-0.5470436215400696
532	0.20850323140621185	-0.33871379494667053	-0.5472170263528824
533	0.20833027362823486	-0.3390597105026245	-0.5473899841308594
534	0.2081555873155594	-0.33940908312797546	-0.5475646704435349
535	0.20783984661102295	-0.34004056453704834	-0.5478804111480713
536	0.20753583312034607	-0.3406485915184021	-0.5481844246387482
537	0.20734766125679016	-0.3410249352455139	-0.5483725965023041
538	0.20716901123523712	-0.34138223528862	-0.5485512465238571
539	0.2069900780916214	-0.34174010157585144	-0.5487301796674728
540	0.20673544704914093	-0.3422493636608124	-0.5489848107099533
541	0.2064601480960846	-0.34279996156692505	-0.5492601096630096
542	0.20618842542171478	-0.3433434069156647	-0.5495318323373795
543	0.2059868425130844	-0.3437465727329254	-0.5497334152460098
544	0.20578032732009888	-0.3441596031188965	-0.5499399304389954
545	0.2055666148662567	-0.3445870280265808	-0.5501536428928375
546	0.2053680717945099	-0.34498411417007446	-0.5503521859645844
547	0.2046755701303482	-0.3463691174983978	-0.551044687628746
548	0.20441652834415436	-0.3468872010707855	-0.5513037294149399
549	0.20414453744888306	-0.3474311828613281	-0.5515757203102112
550	0.20388121902942657	-0.3479578197002411	-0.5518390387296677
551	0.20366324484348297	-0.3483937680721283	-0.5520570129156113
552	0.20346340537071228	-0.3487934470176697	-0.552256852388382
553	0.20326343178749084	-0.34919339418411255	-0.5524568259716034
554	0.20296746492385864	-0.34978532791137695	-0.5527527928352356
555	0.20273391902446747	-0.3502524197101593	-0.5529863387346268
556	0.20249105989933014	-0.35073813796043396	-0.5532291978597641
557	0.20227913558483124	-0.35116198658943176	-0.553441122174263
558	0.2020743191242218	-0.35157161951065063	-0.5536459386348724
559	0.201820969581604	-0.35207831859588623	-0.5538992881774902
560	0.2016136795282364	-0.35249289870262146	-0.5541065782308578
561	0.20140747725963593	-0.3529053032398224	-0.5543127804994583
562	0.20120885968208313	-0.353302538394928	-0.5545113980770111
563	0.20098087191581726	-0.3537585139274597	-0.554739385843277
564	0.20074182748794556	-0.3542366027832031	-0.5549784302711487
565	0.2005186825990677	-0.35468289256095886	-0.5552015751600266
566	0.20030935108661652	-0.3551015555858612	-0.5554109066724777
567	0.20010031759738922	-0.3555196225643158	-0.555619940161705
568	0.1999010294675827	-0.35591819882392883	-0.5558192282915115
569	0.1996971070766449	-0.35632604360580444	-0.5560231506824493
570	0.199508398771286	-0.3567034602165222	-0.5562118589878082
571	0.1993192434310913	-0.3570817708969116	-0.5564010143280029
572	0.19914479553699493	-0.35743066668510437	-0.5565754622220993
573	0.19892992079257965	-0.35786041617393494	-0.5567903369665146
574	0.19848474860191345	-0.35875076055526733	-0.5572355091571808
575	0.19815047085285187	-0.3594193160533905	-0.5575697869062424
576	0.19788067042827606	-0.3599589169025421	-0.5578395873308182
577	0.19763946533203125	-0.36044132709503174	-0.558080792427063
578	0.1974302977323532	-0.3608596622943878	-0.558289960026741
579	0.19722729921340942	-0.3612656593322754	-0.5584929585456848
580	0.1970318853855133	-0.3616564869880676	-0.5586883723735809
581	0.19672591984272003	-0.3622684180736542	-0.5589943379163742
582	0.19651474058628082	-0.3626907765865326	-0.5592055171728134
583	0.19631555676460266	-0.3630891442298889	-0.5594047009944916
584	0.19611768424510956	-0.3634848892688751	-0.5596025735139847
585	0.1959230750799179	-0.3638741075992584	-0.5597971826791763
586	0.19572214782238007	-0.3642759621143341	-0.5599981099367142
587	0.19553323090076447	-0.3646537959575653	-0.5601870268583298
588	0.19534602761268616	-0.3650282025337219	-0.5603742301464081
589	0.19516509771347046	-0.3653900623321533	-0.5605551600456238
590	0.1948968917131424	-0.36592647433280945	-0.5608233660459518
591	0.19461394846439362	-0.366492360830307	-0.5611063092947006
592	0.19441914558410645	-0.36688196659088135	-0.5613011121749878
593	0.1942356824874878	-0.36724889278411865	-0.5614845752716064
594	0.19405151903629303	-0.3676172196865082	-0.5616687387228012
595	0.19385942816734314	-0.36800140142440796	-0.5618608295917511
596	0.1935860514640808	-0.3685481548309326	-0.5621342062950134
597	0.1933540254831314	-0.3690122067928314	-0.5623662322759628
598	0.19314973056316376	-0.3694207966327667	-0.5625705271959305
599	0.19295667111873627	-0.3698069155216217	-0.562763586640358
600	0.19276492297649384	-0.37019041180610657	-0.5629553347826004
601	0.1925814151763916	-0.37055742740631104	-0.5631388425827026
602	0.1923842430114746	-0.370951771736145	-0.5633360147476196
603	0.19219988584518433	-0.3713204860687256	-0.5635203719139099
604	0.19194458425045013	-0.37183108925819397	-0.5637756735086441
605	0.1915714591741562	-0.37257733941078186	-0.564148798584938
606	0.1911720633506775	-0.37337613105773926	-0.5645481944084167
607	0.19094796478748322	-0.3738243281841278	-0.564772292971611
608	0.19075000286102295	-0.37422025203704834	-0.5649702548980713
609	0.1904776394367218	-0.37476497888565063	-0.5652426183223724
610	0.1901479959487915	-0.37542426586151123	-0.5655722618103027
611	0.18995903432369232	-0.3758021891117096	-0.5657612234354019
612	0.18978163599967957	-0.3761569857597351	-0.5659386217594147
613	0.1895899921655655	-0.37654027342796326	-0.5661302655935287
614	0.1893313080072403	-0.37705764174461365	-0.5663889497518539
615	0.18908630311489105	-0.37754765152931213	-0.5666339546442032
616	0.18871833384037018	-0.3782835900783539	-0.5670019239187241
617	0.188410222530365	-0.37889981269836426	-0.5673100352287292
618	0.18815472722053528	-0.3794108033180237	-0.567565530538559
619	0.18795067071914673	-0.3798189163208008	-0.5677695870399475
620	0.18759605288505554	-0.38052815198898315	-0.5681242048740387
621	0.1872406005859375	-0.38123905658721924	-0.5684796571731567
622	0.1869248002767563	-0.38187065720558167	-0.568795457482338
623	0.18664726614952087	-0.3824257254600525	-0.5690729916095734
624	0.18640711903572083	-0.3829060196876526	-0.5693131387233734
625	0.18620119988918304	-0.38331785798072815	-0.5695190578699112
626	0.18598094582557678	-0.3837583661079407	-0.5697393119335175
627	0.18570607900619507	-0.3843080997467041	-0.5700141787528992
628	0.1854044795036316	-0.38491129875183105	-0.5703157782554626
629	0.185161292552948	-0.38539767265319824	-0.5705589652061462
630	0.18494759500026703	-0.3858250677585602	-0.5707726627588272
631	0.1847575306892395	-0.38620519638061523	-0.5709627270698547
632	0.18456405401229858	-0.38659214973449707	-0.5711562037467957
633	0.1843026578426361	-0.387114942073822	-0.5714175999164581
634	0.18398714065551758	-0.3877459764480591	-0.5717331171035767
635	0.18378899991512299	-0.38814225792884827	-0.5719312578439713
636	0.18357522785663605	-0.38856980204582214	-0.5721450299024582
637	0.18338218331336975	-0.38895589113235474	-0.5723380744457245
638	0.18319067358970642	-0.3893389105796814	-0.5725295841693878
639	0.18300999701023102	-0.3897002637386322	-0.5727102607488632
640	0.18284054100513458	-0.3900391757488251	-0.5728797167539597
641	0.18266241252422333	-0.3903954327106476	-0.5730578452348709
642	0.1824314296245575	-0.39085739850997925	-0.5732888281345367
643	0.18211670219898224	-0.39148685336112976	-0.573603555560112
644	0.18189452588558197	-0.3919312059879303	-0.5738257318735123
645	0.1817084103822708	-0.3923034369945526	-0.5740118473768234
646	0.18152786791324615	-0.39266452193260193	-0.5741923898458481
647	0.1813531517982483	-0.39301395416259766	-0.574367105960846
648	0.18114005029201508	-0.3934401571750641	-0.5745802074670792
649	0.18089792132377625	-0.39392441511154175	-0.574822336435318
650	0.18064147233963013	-0.394437313079834	-0.5750787854194641
651	0.18044371902942657	-0.3948328197002411	-0.5752765387296677
652	0.18026462197303772	-0.3951910138130188	-0.5754556357860565
653	0.1800909787416458	-0.3955383002758026	-0.5756292790174484
654	0.17990651726722717	-0.3959072232246399	-0.5758137404918671
655	0.179596945643425	-0.39652636647224426	-0.5761233121156693
656	0.17906294763088226	-0.3975943624973297	-0.576657310128212
657	0.17870302498340607	-0.3983142077922821	-0.5770172327756882
658	0.17838330566883087	-0.3989536464214325	-0.5773369520902634
659	0.17807850241661072	-0.3995632529258728	-0.5776417553424835
660	0.17779259383678436	-0.4001350700855255	-0.5779276639223099
661	0.1775393933057785	-0.40064147114753723	-0.5781808644533157
662	0.17731283605098724	-0.40109458565711975	-0.578407421708107
663	0.1770588904619217	-0.40160247683525085	-0.5786613672971725
664	0.17683643102645874	-0.40204739570617676	-0.5788838267326355
665	0.17664599418640137	-0.4024282693862915	-0.5790742635726929
666	0.1764584183692932	-0.4028034210205078	-0.579261839389801
667	0.17627139389514923	-0.4031774699687958	-0.579448863863945
668	0.1760094314813614	-0.40370139479637146	-0.5797108262777328
669	0.17569386959075928	-0.4043325185775757	-0.580026388168335
670	0.17502908408641815	-0.40566208958625793	-0.5806911736726761
671	0.17454080283641815	-0.40663865208625793	-0.5811794549226761
672	0.1742151975631714	-0.40728986263275146	-0.5815050601959229
673	0.17390358448028564	-0.40791308879852295	-0.5818166732788086
674	0.17361269891262054	-0.40849485993385315	-0.5821075588464737
675	0.1733546257019043	-0.40901100635528564	-0.5823656320571899
676	0.17308227717876434	-0.40955570340156555	-0.5826379805803299
677	0.17234164476394653	-0.41103696823120117	-0.5833786129951477
678	0.1717381477355957	-0.41224396228790283	-0.5839821100234985
679	0.1712690144777298	-0.41318222880363464	-0.5844512432813644
680	0.1708863526582718	-0.41394755244255066	-0.5848339051008224
681	0.17054159939289093	-0.4146370589733124	-0.5851786583662033
682	0.17020224034786224	-0.41531577706336975	-0.585518017411232
683	0.1697605401277542	-0.4161991775035858	-0.58595971763134
684	0.1690039038658142	-0.4177124500274658	-0.58671635389328
685	0.1683485209941864	-0.41902321577072144	-0.5873717367649078
686	0.1677883267402649	-0.42014360427856445	-0.5879319310188293
687	0.16732405126094818	-0.4210721552371979	-0.5883962064981461
688	0.16686013340950012	-0.421999990940094	-0.5888601243495941
689	0.16643868386745453	-0.4228428900241852	-0.5892815738916397
690	0.16605520248413086	-0.4236098527908325	-0.5896650552749634
691	0.1656816601753235	-0.42435693740844727	-0.5900385975837708
692	0.16511762142181396	-0.4254850149154663	-0.5906026363372803
693	0.16437140107154846	-0.4269774556159973	-0.5913488566875458
694	0.16369584202766418	-0.42832857370376587	-0.59202441573143
695	0.16308526694774628	-0.4295497238636017	-0.592634990811348
696	0.16254231333732605	-0.43063563108444214	-0.5931779444217682
697	0.16204679012298584	-0.43162667751312256	-0.5936734676361084
698	0.16156527400016785	-0.43258970975875854	-0.5941549837589264
699	0.16112534701824188	-0.4334695637226105	-0.5945949107408524
700	0.16070768237113953	-0.4343048930168152	-0.5950125753879547
701	0.16031283140182495	-0.43509459495544434	-0.5954074263572693
702	0.15987852215766907	-0.4359632134437561	-0.5958417356014252
703	0.15947961807250977	-0.4367610216140747	-0.5962406396865845
704	0.15910112857818604	-0.43751800060272217	-0.5966191291809082
705	0.15875759720802307	-0.4382050633430481	-0.5969626605510712
706	0.1584276705980301	-0.43886491656303406	-0.5972925871610641
707	0.15811002254486084	-0.43950021266937256	-0.5976102352142334
708	0.15778848528862	-0.44014328718185425	-0.5979317724704742
709	0.15742488205432892	-0.4408704936504364	-0.5982953757047653
710	0.15704473853111267	-0.4416307806968689	-0.5986755192279816
711	0.1567159742116928	-0.4422883093357086	-0.5990042835474014
712	0.15639127790927887	-0.4429377019405365	-0.5993289798498154
713	0.15605203807353973	-0.44361618161201477	-0.5996682196855545
714	0.15573707222938538	-0.4442461133003235	-0.5999831855297089
715	0.15542832016944885	-0.44486361742019653	-0.6002919375896454
716	0.15509074926376343	-0.4455387592315674	-0.6006295084953308
717	0.1547267884016037	-0.44626668095588684	-0.6009934693574905
718	0.1544063836336136	-0.44690749049186707	-0.6013138741254807
719	0.15406394004821777	-0.4475923776626587	-0.6016563177108765
720	0.15375177562236786	-0.4482167065143585	-0.6019684821367264
721	0.15345507860183716	-0.4488101005554199	-0.6022651791572571
722	0.15314660966396332	-0.4494270384311676	-0.6025736480951309
723	0.15279735624790192	-0.4501255452632904	-0.6029229015111923
724	0.15245668590068817	-0.4508068859577179	-0.6032635718584061
725	0.1521245539188385	-0.45147114992141724	-0.6035957038402557
726	0.1518077403306961	-0.452104777097702	-0.6039125174283981
727	0.15151888132095337	-0.4526824951171875	-0.6042013764381409
728	0.15119189023971558	-0.4533364772796631	-0.6045283675193787
729	0.15085256099700928	-0.4540151357650757	-0.604867696762085
730	0.1505560576915741	-0.45460814237594604	-0.6051642000675201
731	0.15024371445178986	-0.4552328288555145	-0.6054765433073044
732	0.14993081986904144	-0.45585861802101135	-0.6057894378900528
733	0.1496531218290329	-0.45641401410102844	-0.6060671359300613
734	0.14935371279716492	-0.4570128321647644	-0.6063665449619293
735	0.14902645349502563	-0.45766735076904297	-0.6066938042640686
736	0.14864856004714966	-0.4584231376647949	-0.6070716977119446
737	0.1482629030942917	-0.45919445157051086	-0.6074573546648026
738	0.1479051560163498	-0.45990994572639465	-0.6078151017427444
739	0.14756172895431519	-0.46059679985046387	-0.608158528804779
740	0.1472390741109848	-0.46124210953712463	-0.6084811836481094
741	0.14686532318592072	-0.4619896113872528	-0.6088549345731735
742	0.1465306282043457	-0.46265900135040283	-0.6091896295547485
743	0.1462094634771347	-0.46330133080482483	-0.6095107942819595
744	0.14589746296405792	-0.4639253318309784	-0.6098227947950363
745	0.14558085799217224	-0.46455854177474976	-0.610139399766922
746	0.14527243375778198	-0.4651753902435303	-0.6104478240013123
747	0.1449943333864212	-0.46573159098625183	-0.610725924372673
748	0.1446743607521057	-0.4663715362548828	-0.6110458970069885
749	0.1443459391593933	-0.4670283794403076	-0.6113743185997009
750	0.14401087164878845	-0.46769851446151733	-0.6117093861103058
751	0.14369994401931763	-0.468320369720459	-0.6120203137397766
752	0.1433953046798706	-0.468929648399353	-0.6123249530792236
753	0.14312128722667694	-0.46947768330574036	-0.6125989705324173
754	0.1428312361240387	-0.47005778551101685	-0.6128890216350555
755	0.142538920044899	-0.47064241766929626	-0.6131813377141953
756	0.14224281907081604	-0.47123461961746216	-0.6134774386882782
757	0.14190270006656647	-0.4719148576259613	-0.6138175576925278
758	0.1415977030992508	-0.47252485156059265	-0.6141225546598434
759	0.14130327105522156	-0.4731137156486511	-0.6144169867038727
760	0.14101597666740417	-0.4736883044242859	-0.6147042810916901
761	0.14072971045970917	-0.4742608368396759	-0.6149905472993851
762	0.1404760777950287	-0.47476810216903687	-0.6152441799640656
763	0.14019012451171875	-0.47534000873565674	-0.6155301332473755
764	0.13990357518196106	-0.4759131073951721	-0.6158166825771332
765	0.1396111398935318	-0.47649797797203064	-0.6161091178655624
766	0.13933172821998596	-0.4770568013191223	-0.6163885295391083
767	0.13906224071979523	-0.4775957763195038	-0.616658017039299
768	0.13881035149097443	-0.4780995547771454	-0.6169099062681198
769	0.13856546580791473	-0.47858932614326477	-0.6171547919511795
770	0.13826169073581696	-0.4791968762874603	-0.6174585670232773
771	0.13799192011356354	-0.47973641753196716	-0.6177283376455307
772	0.1377071887254715	-0.48030588030815125	-0.6180130690336227
773	0.1374308168888092	-0.48085862398147583	-0.618289440870285
774	0.13717670738697052	-0.4813668429851532	-0.6185435503721237
775	0.13691382110118866	-0.4818926155567169	-0.6188064366579056
776	0.1366281807422638	-0.48246389627456665	-0.6190920770168304
777	0.13636094331741333	-0.4829983711242676	-0.6193593144416809
778	0.13609150052070618	-0.4835372567176819	-0.6196287572383881
779	0.13582223653793335	-0.48407578468322754	-0.6198980212211609
780	0.1355656087398529	-0.4845890402793884	-0.6201546490192413
781	0.1353171169757843	-0.48508602380752563	-0.6204031407833099
782	0.13507740199565887	-0.4855654537677765	-0.6206428557634354
783	0.13483770191669464	-0.48604485392570496	-0.6208825558423996
784	0.13459496200084686	-0.4865303337574005	-0.6211252957582474
785	0.13429293036460876	-0.4871343970298767	-0.6214273273944855
786	0.13402310013771057	-0.4876740574836731	-0.6216971576213837
787	0.1337427794933319	-0.4882346987724304	-0.6219774782657623
788	0.13348858058452606	-0.4887430965900421	-0.6222316771745682
789	0.13322485983371735	-0.48927053809165955	-0.6224953979253769
790	0.13292719423770905	-0.48986586928367615	-0.6227930635213852
791	0.13266097009181976	-0.4903983175754547	-0.6230592876672745
792	0.13239075243473053	-0.4909387528896332	-0.6233295053243637
793	0.13212023675441742	-0.4914797842502594	-0.6236000210046768
794	0.13186897337436676	-0.4919823110103607	-0.6238512843847275
795	0.13162006437778473	-0.4924801290035248	-0.6241001933813095
796	0.13137885928153992	-0.4929625391960144	-0.6243413984775543
797	0.13113847374916077	-0.4934433102607727	-0.6245817840099335
798	0.13085727393627167	-0.4940057098865509	-0.6248629838228226
799	0.13060447573661804	-0.49451130628585815	-0.6251157820224762
800	0.1303630769252777	-0.4949941039085388	-0.6253571808338165
801	0.1300901621580124	-0.49553993344306946	-0.6256300956010818
802	0.12985044717788696	-0.4960193634033203	-0.6258698105812073
803	0.12961223721504211	-0.49649578332901	-0.6261080205440521
804	0.1293431520462036	-0.497033953666687	-0.6263771057128906
805	0.12907648086547852	-0.4975672960281372	-0.6266437768936157
806	0.1288364827632904	-0.4980472922325134	-0.6268837749958038
807	0.12859702110290527	-0.4985262155532837	-0.627123236656189
808	0.1283462792634964	-0.49902769923210144	-0.6273739784955978
809	0.12809792160987854	-0.49952441453933716	-0.6276223361492157
810	0.12783050537109375	-0.5000592470169067	-0.6278897523880005
811	0.12758709490299225	-0.5005460679531097	-0.628133162856102
812	0.12734593451023102	-0.5010283887386322	-0.6283743232488632
813	0.12710480391979218	-0.5015106499195099	-0.6286154538393021
814	0.1268656700849533	-0.5019889175891876	-0.6288545876741409
815	0.1266336590051651	-0.502452939748764	-0.6290865987539291
816	0.12640824913978577	-0.5029037594795227	-0.6293120086193085
817	0.1261855959892273	-0.5033490657806396	-0.6295346617698669
818	0.12591655552387238	-0.5038871467113495	-0.6298037022352219
819	0.12566085159778595	-0.5043985545635223	-0.6300594061613083
820	0.12540653347969055	-0.5049071907997131	-0.6303137242794037
821	0.1251596063375473	-0.5054010450839996	-0.6305606514215469
822	0.12493039667606354	-0.5058594644069672	-0.6307898610830307
823	0.12468662112951279	-0.5063470155000687	-0.6310336366295815
824	0.12443028390407562	-0.506859689950943	-0.6312899738550186
825	0.12419235706329346	-0.5073355436325073	-0.6315279006958008
826	0.12395051121711731	-0.5078192353248596	-0.6317697465419769
827	0.1237088292837143	-0.5083025991916656	-0.6320114284753799
828	0.12348061054944992	-0.5087590366601944	-0.6322396472096443
829	0.12325815856456757	-0.5092039406299591	-0.6324620991945267
830	0.12303414195775986	-0.5096519738435745	-0.6326861158013344
831	0.12276515364646912	-0.510189950466156	-0.6329551041126251
832	0.12252094596624374	-0.5106783658266068	-0.6331993117928505
833	0.1223110631108284	-0.5110981315374374	-0.6334091946482658
834	0.12212152779102325	-0.5114772021770477	-0.633598729968071
835	0.12198319286108017	-0.5117538720369339	-0.6337370648980141
836	0.1218130812048912	-0.5120940953493118	-0.633907176554203
837	0.12169884890317917	-0.5123225599527359	-0.6340214088559151
838	0.12158948928117752	-0.5125412791967392	-0.6341307684779167
839	0.1215791255235672	-0.5125620067119598	-0.634141132235527
840	0.12145674228668213	-0.51280677318573	-0.6342635154724121
841	0.12144733965396881	-0.5128255784511566	-0.6342729181051254
842	0.12138058990240097	-0.5129590779542923	-0.6343396678566933
843	0.12133575230836868	-0.5130487531423569	-0.6343845054507256
844	0.12131178379058838	-0.5130966901779175	-0.6344084739685059
845	0.12124587595462799	-0.5132285058498383	-0.6344743818044662
846	0.12125140428543091	-0.5132174491882324	-0.6344688534736633
847	0.12126744538545609	-0.5131853669881821	-0.6344528123736382
848	0.12123236805200577	-0.5132555216550827	-0.6344878897070885
849	0.12120106816291809	-0.5133181214332581	-0.6345191895961761
850	0.12120839953422546	-0.5133034586906433	-0.6345118582248688
851	0.12116898596286774	-0.5133822858333588	-0.6345512717962265
852	0.12117952853441238	-0.5133612006902695	-0.6345407292246819
853	0.1211966872215271	-0.51332688331604	-0.6345235705375671
854	0.12119723856449127	-0.5133257806301117	-0.634523019194603
855	0.12119971960783005	-0.5133208185434341	-0.6345205381512642
856	0.12117563933134079	-0.5133689790964127	-0.6345446184277534
857	0.12117825448513031	-0.5133637487888336	-0.6345420032739639
858	0.12118320167064667	-0.5133538544178009	-0.6345370560884476
859	0.12118586897850037	-0.5133485198020935	-0.6345343887805939
860	0.12115150690078735	-0.5134172439575195	-0.6345687508583069
861	0.12111157178878784	-0.5134971141815186	-0.6346086859703064
862	0.12109018862247467	-0.5135398805141449	-0.6346300691366196
863	0.12106623500585556	-0.5135877877473831	-0.6346540227532387
864	0.12107222527265549	-0.5135758072137833	-0.6346480324864388
865	0.12106792628765106	-0.5135844051837921	-0.6346523314714432
866	0.12106437981128693	-0.5135914981365204	-0.6346558779478073
867	0.12107326835393906	-0.5135737210512161	-0.6346469894051552
868	0.12105995416641235	-0.5136003494262695	-0.6346603035926819
869	0.12106083333492279	-0.5135985910892487	-0.6346594244241714
870	0.12107456475496292	-0.5135711282491684	-0.6346456930041313
871	0.12108220160007477	-0.5135558545589447	-0.6346380561590195
872	0.12104981392621994	-0.5136206299066544	-0.6346704438328743
873	0.12105928361415863	-0.513601690530777	-0.6346609741449356
874	0.12107466906309128	-0.5135709196329117	-0.634645588696003
875	0.12103687226772308	-0.5136465132236481	-0.6346833854913712
876	0.12104249745607376	-0.5136352628469467	-0.6346777603030205
877	0.12105846405029297	-0.5136033296585083	-0.6346617937088013
878	0.12102983891963959	-0.5136605799198151	-0.6346904188394547
879	0.12103895843029022	-0.5136423408985138	-0.634681299328804
880	0.12104608118534088	-0.5136280953884125	-0.6346741765737534
881	0.12102661281824112	-0.513667032122612	-0.6346936449408531
882	0.12103874981403351	-0.5136427581310272	-0.6346815079450607
883	0.12102712690830231	-0.5136660039424896	-0.6346931308507919
884	0.121029332280159	-0.5136615931987762	-0.6346909254789352
885	0.12103144824504852	-0.5136573612689972	-0.6346888095140457
886	0.121023990213871	-0.5136722773313522	-0.6346962675452232
887	0.12103259563446045	-0.5136550664901733	-0.6346876621246338
888	0.12103433161973953	-0.5136515945196152	-0.6346859261393547
889	0.12103743851184845	-0.5136453807353973	-0.6346828192472458
890	0.12103922665119171	-0.5136418044567108	-0.6346810311079025
891	0.12104107439517975	-0.5136381089687347	-0.6346791833639145
892	0.12102167308330536	-0.5136769115924835	-0.6346985846757889
893	0.12102392315864563	-0.513672411441803	-0.6346963346004486
894	0.12103306502103806	-0.5136541277170181	-0.6346871927380562
895	0.12104369699954987	-0.5136328637599945	-0.6346765607595444
896	0.12104658037424088	-0.5136270970106125	-0.6346736773848534
897	0.12104735523462296	-0.5136255472898483	-0.6346729025244713
898	0.12103832513093948	-0.5136436074972153	-0.6346819326281548
899	0.12102299928665161	-0.513674259185791	-0.6346972584724426
900	0.12102635949850082	-0.5136675387620926	-0.6346938982605934
901	0.12102773785591125	-0.5136647820472717	-0.634692519903183
902	0.12103013694286346	-0.5136599838733673	-0.6346901208162308
903	0.12103117257356644	-0.5136579126119614	-0.6346890851855278
904	0.12103214114904404	-0.5136559754610062	-0.6346881166100502
905	0.12103445082902908	-0.5136513561010361	-0.6346858069300652
906	0.12102749943733215	-0.5136652588844299	-0.6346927583217621
907	0.12103713303804398	-0.5136459916830063	-0.6346831247210503
908	0.12103866040706635	-0.5136429369449615	-0.6346815973520279
909	0.12103606015443802	-0.5136481374502182	-0.6346841976046562
910	0.12103916704654694	-0.5136419236660004	-0.6346810907125473
911	0.1210421547293663	-0.5136359483003616	-0.6346781030297279
912	0.12103651463985443	-0.5136472284793854	-0.6346837431192398
913	0.12102516740560532	-0.5136699229478836	-0.6346950903534889
914	0.12102912366390228	-0.5136620104312897	-0.634691134095192
915	0.12103021144866943	-0.5136598348617554	-0.6346900463104248
916	0.12103214114904404	-0.5136559754610062	-0.6346881166100502
917	0.1210303008556366	-0.513659656047821	-0.6346899569034576
918	0.12103316187858582	-0.5136539340019226	-0.6346870958805084
919	0.12103530019521713	-0.51364965736866	-0.6346849575638771
920	0.12103801965713501	-0.5136442184448242	-0.6346822381019592
921	0.12103594839572906	-0.5136483609676361	-0.6346843093633652
922	0.12102790921926498	-0.5136644393205643	-0.6346923485398293
923	0.12103050202131271	-0.5136592537164688	-0.6346897557377815
924	0.12103267759084702	-0.5136549025774002	-0.6346875801682472
925	0.12103436887264252	-0.5136515200138092	-0.6346858888864517
926	0.12103712558746338	-0.5136460065841675	-0.6346831321716309
927	0.12103091180324554	-0.5136584341526031	-0.6346893459558487
928	0.12103445082902908	-0.5136513561010361	-0.6346858069300652
929	0.12103462219238281	-0.5136510133743286	-0.6346856355667114
930	0.12103205174207687	-0.5136561542749405	-0.6346882060170174
931	0.12103579193353653	-0.5136486738920212	-0.6346844658255577
932	0.12102994322776794	-0.5136603713035583	-0.6346903145313263
933	0.1210310086607933	-0.5136582404375076	-0.6346892490983009
934	0.12103118747472763	-0.513657882809639	-0.6346890702843666
935	0.12103350460529327	-0.5136532485485077	-0.634686753153801
936	0.12103690952062607	-0.5136464387178421	-0.6346833482384682
937	0.1210298016667366	-0.513660654425621	-0.6346904560923576
938	0.12103233486413956	-0.5136555880308151	-0.6346879228949547
939	0.12103166431188583	-0.5136569291353226	-0.6346885934472084
940	0.12103632092475891	-0.5136476159095764	-0.6346839368343353
941	0.1210264042019844	-0.5136674493551254	-0.6346938535571098
942	0.12103257328271866	-0.5136551111936569	-0.6346876844763756
943	0.12103036046028137	-0.5136595368385315	-0.6346898972988129
944	0.12103433907032013	-0.513651579618454	-0.6346859186887741
945	0.12103524804115295	-0.5136497616767883	-0.6346850097179413
946	0.12103720009326935	-0.5136458575725555	-0.6346830576658249
947	0.12103737890720367	-0.5136454999446869	-0.6346828788518906
948	0.12103784084320068	-0.5136445760726929	-0.6346824169158936
949	0.121038056910038	-0.5136441439390182	-0.6346822008490562
950	0.1210307776927948	-0.5136587023735046	-0.6346894800662994
951	0.12103820592164993	-0.5136438459157944	-0.6346820518374443
952	0.12103860825300217	-0.5136430412530899	-0.6346816495060921
953	0.12103921920061111	-0.513641819357872	-0.6346810385584831
954	0.1210392415523529	-0.5136417746543884	-0.6346810162067413
955	0.12103048712015152	-0.5136592835187912	-0.6346897706389427
956	0.12103933840990067	-0.5136415809392929	-0.6346809193491936
957	0.12103982269763947	-0.5136406123638153	-0.6346804350614548
958	0.12102799862623215	-0.5136642605066299	-0.6346922591328621
959	0.12103439122438431	-0.5136514753103256	-0.6346858665347099
960	0.12102960795164108	-0.5136610418558121	-0.6346906498074532
961	0.12103677541017532	-0.5136467069387436	-0.6346834823489189
962	0.12103737145662308	-0.5136455148458481	-0.6346828863024712
963	0.12103268504142761	-0.513654887676239	-0.6346875727176666
964	0.12103816866874695	-0.5136439204216003	-0.6346820890903473
965	0.1210237592458725	-0.5136727392673492	-0.6346964985132217
966	0.12103118747472763	-0.513657882809639	-0.6346890702843666
967	0.12103525549173355	-0.5136497467756271	-0.6346850022673607
968	0.12102795392274857	-0.5136643499135971	-0.6346923038363457
969	0.12103394418954849	-0.5136523693799973	-0.6346863135695457
970	0.12103164196014404	-0.5136569738388062	-0.6346886157989502
971	0.12103778123855591	-0.5136446952819824	-0.6346824765205383
972	0.12103992700576782	-0.5136404037475586	-0.6346803307533264
973	0.12102873623371124	-0.5136627852916718	-0.634691521525383
974	0.12104016542434692	-0.5136399269104004	-0.6346800923347473
975	0.12104042619466782	-0.5136394053697586	-0.6346798315644264
976	0.12104049324989319	-0.5136392712593079	-0.634679764509201
977	0.12104075402021408	-0.5136387497186661	-0.6346795037388802
978	0.12103326618671417	-0.5136537253856659	-0.6346869915723801
979	0.12104155868291855	-0.5136371403932571	-0.6346786990761757
980	0.12104170024394989	-0.5136368572711945	-0.6346785575151443
981	0.12104171514511108	-0.5136368274688721	-0.6346785426139832
982	0.12104210257530212	-0.51363605260849	-0.6346781551837921
983	0.12104225903749466	-0.5136357396841049	-0.6346779987215996
984	0.12104234844446182	-0.5136355608701706	-0.6346779093146324
985	0.12104259431362152	-0.5136350691318512	-0.6346776634454727
986	0.121030792593956	-0.5136586725711823	-0.6346894651651382
987	0.12104268372058868	-0.5136348903179169	-0.6346775740385056
988	0.12104274332523346	-0.5136347711086273	-0.6346775144338608
989	0.12104283273220062	-0.513634592294693	-0.6346774250268936
990	0.1210428774356842	-0.5136345028877258	-0.63467738032341
991	0.1210433840751648	-0.5136334896087646	-0.6346768736839294
992	0.12103152275085449	-0.5136572122573853	-0.6346887350082397
993	0.12104340642690659	-0.5136334449052811	-0.6346768513321877
994	0.12104357033967972	-0.5136331170797348	-0.6346766874194145
995	0.1210268884897232	-0.5136664807796478	-0.634693369269371
996	0.1210373044013977	-0.5136456489562988	-0.6346829533576965
997	0.12102800607681274	-0.5136642456054688	-0.6346922516822815
998	0.12103458493947983	-0.5136510878801346	-0.6346856728196144
999	0.1210363581776619	-0.5136475414037704	-0.6346838995814323
1000	0.12103591114282608	-0.5136484354734421	-0.6346843466162682

Best Loss: 0.12102167308330536

Training Time (seconds): 296.3525354999997
