Iteration	Loss (h)	Total Cost (f)	Cost g
1	0.5349932909011841	0.5349932909011841	0
2	0.4402819275856018	0.34557056427001953	-0.09471136331558228
3	0.4285711646080017	0.32214903831481934	-0.10642212629318237
4	0.4246551990509033	0.31431710720062256	-0.11033809185028076
5	0.42117196321487427	0.30735063552856445	-0.11382132768630981
6	0.4189521372318268	0.3029109835624695	-0.1160411536693573
7	0.4168938398361206	0.29879438877105713	-0.11809945106506348
8	0.4154137372970581	0.29583418369293213	-0.11957955360412598
9	0.4146547019481659	0.2943161129951477	-0.12033858895301819
10	0.41385871171951294	0.2927241325378418	-0.12113457918167114
11	0.4131859242916107	0.29137855768203735	-0.12180736660957336
12	0.41255983710289	0.29012638330459595	-0.12243345379829407
13	0.4121614098548889	0.28932952880859375	-0.12283188104629517
14	0.4118790328502655	0.2887647747993469	-0.12311425805091858
15	0.4113507866859436	0.2877082824707031	-0.12364250421524048
16	0.41048821806907654	0.285983145236969	-0.12450507283210754
17	0.4099627733230591	0.2849322557449341	-0.125030517578125
18	0.40945500135421753	0.283916711807251	-0.12553828954696655
19	0.40901854634284973	0.2830438017845154	-0.12597474455833435
20	0.40829998254776	0.28160667419433594	-0.12669330835342407
21	0.407403826713562	0.27981436252593994	-0.12758946418762207
22	0.4068174660205841	0.27864164113998413	-0.12817582488059998
23	0.4063410460948944	0.27768880128860474	-0.12865224480628967
24	0.4058334529399872	0.2766736149787903	-0.1291598379611969
25	0.4048715829849243	0.27474987506866455	-0.13012170791625977
26	0.40374431014060974	0.2724953293800354	-0.13124898076057434
27	0.4030565321445465	0.27111977338790894	-0.13193675875663757
28	0.4018380343914032	0.2686827778816223	-0.13315525650978088
29	0.40116527676582336	0.26733726263046265	-0.13382801413536072
30	0.40054166316986084	0.2660900354385376	-0.13445162773132324
31	0.39989471435546875	0.2647961378097534	-0.13509857654571533
32	0.3993569314479828	0.2637205719947815	-0.1356363594532013
33	0.39882928133010864	0.2626652717590332	-0.13616400957107544
34	0.3975575864315033	0.2601218819618225	-0.1374357044696808
35	0.3971307873725891	0.25926828384399414	-0.13786250352859497
36	0.3964652121067047	0.25793713331222534	-0.13852807879447937
37	0.39531129598617554	0.255629301071167	-0.13968199491500854
38	0.3946301341056824	0.25426697731018066	-0.1403631567955017
39	0.39360475540161133	0.2522162199020386	-0.14138853549957275
40	0.392919659614563	0.2508460283279419	-0.1420736312866211
41	0.39202335476875305	0.24905341863632202	-0.14296993613243103
42	0.3913291394710541	0.24766498804092407	-0.14366415143013
43	0.39056161046028137	0.24612993001937866	-0.1444316804409027
44	0.3898550271987915	0.24471676349639893	-0.14513826370239258
45	0.3892141580581665	0.24343502521514893	-0.14577913284301758
46	0.38849303126335144	0.2419927716255188	-0.14650025963783264
47	0.38786807656288147	0.24074286222457886	-0.1471252143383026
48	0.387351393699646	0.2397094964981079	-0.14764189720153809
49	0.3866143822669983	0.2382354736328125	-0.1483789086341858
50	0.3860989809036255	0.2372046709060669	-0.1488943099975586
51	0.38566163182258606	0.23632997274398804	-0.14933165907859802
52	0.3851696252822876	0.2353459596633911	-0.14982366561889648
53	0.3847043216228485	0.23441535234451294	-0.15028896927833557
54	0.3837212026119232	0.23244911432266235	-0.15127208828926086
55	0.3830326497554779	0.23107200860977173	-0.15196064114570618
56	0.38238996267318726	0.22978663444519043	-0.15260332822799683
57	0.38185203075408936	0.22871077060699463	-0.15314126014709473
58	0.3813314139842987	0.22766953706741333	-0.15366187691688538
59	0.38046929240226746	0.22594529390335083	-0.15452399849891663
60	0.37970930337905884	0.2244253158569336	-0.15528398752212524
61	0.37910160422325134	0.2232099175453186	-0.15589168667793274
62	0.37832677364349365	0.22166025638580322	-0.15666651725769043
63	0.37763145565986633	0.22026962041854858	-0.15736183524131775
64	0.377052366733551	0.21911144256591797	-0.15794092416763306
65	0.3765917122364044	0.21819013357162476	-0.15840157866477966
66	0.3760775029659271	0.21716171503067017	-0.15891578793525696
67	0.3754414916038513	0.21588969230651855	-0.15955179929733276
68	0.37492313981056213	0.21485298871994019	-0.16007015109062195
69	0.3744913339614868	0.21398937702178955	-0.16050195693969727
70	0.37377452850341797	0.21255576610565186	-0.1612187623977661
71	0.37337562441825867	0.21175795793533325	-0.16161766648292542
72	0.37281522154808044	0.2106371521949768	-0.16217806935310364
73	0.37223950028419495	0.2094857096672058	-0.16275379061698914
74	0.3717384934425354	0.20848369598388672	-0.16325479745864868
75	0.3711249530315399	0.20725661516189575	-0.16386833786964417
76	0.3706679344177246	0.20634257793426514	-0.16432535648345947
77	0.3702230155467987	0.20545274019241333	-0.16477027535438538
78	0.36964648962020874	0.2042996883392334	-0.16534680128097534
79	0.36926141381263733	0.20352953672409058	-0.16573187708854675
80	0.36871373653411865	0.20243418216705322	-0.16627955436706543
81	0.368280827999115	0.2015683650970459	-0.1667124629020691
82	0.3676483929157257	0.20030349493026733	-0.16734489798545837
83	0.36713385581970215	0.19927442073822021	-0.16785943508148193
84	0.3667045831680298	0.1984158754348755	-0.1682887077331543
85	0.3662264347076416	0.19745957851409912	-0.16876685619354248
86	0.3658316433429718	0.19666999578475952	-0.16916164755821228
87	0.3653563857078552	0.19571948051452637	-0.16963690519332886
88	0.36478471755981445	0.19457614421844482	-0.17020857334136963
89	0.36431699991226196	0.19364070892333984	-0.17067629098892212
90	0.3638642430305481	0.1927351951599121	-0.171129047870636
91	0.3634490966796875	0.19190490245819092	-0.17154419422149658
92	0.3630496859550476	0.19110608100891113	-0.17194360494613647
93	0.3626461625099182	0.19029903411865234	-0.17234712839126587
94	0.36231404542922974	0.1896347999572754	-0.17267924547195435
95	0.3619193732738495	0.1888454556465149	-0.1730739176273346
96	0.3615868389606476	0.18818038702011108	-0.1734064519405365
97	0.36095866560935974	0.1869240403175354	-0.17403462529182434
98	0.36044856905937195	0.18590384721755981	-0.17454472184181213
99	0.3600585162639618	0.1851237416267395	-0.1749347746372223
100	0.359695702791214	0.1843981146812439	-0.1752975881099701
101	0.35927820205688477	0.18356311321258545	-0.17571508884429932
102	0.358711302280426	0.18242931365966797	-0.17628198862075806
103	0.3582635521888733	0.1815338134765625	-0.1767297387123108
104	0.3579367995262146	0.18088030815124512	-0.17705649137496948
105	0.357532262802124	0.18007123470306396	-0.17746102809906006
106	0.3569134473800659	0.17883360385894775	-0.17807984352111816
107	0.35648420453071594	0.1779751181602478	-0.17850908637046814
108	0.3559604287147522	0.1769275665283203	-0.17903286218643188
109	0.3555700182914734	0.1761467456817627	-0.1794232726097107
110	0.35429900884628296	0.17360472679138184	-0.18069428205490112
111	0.3510317802429199	0.16707026958465576	-0.18396151065826416
112	0.3486533761024475	0.16231346130371094	-0.18633991479873657
113	0.3475706875324249	0.16014808416366577	-0.18742260336875916
114	0.346703439950943	0.1584135890007019	-0.1882898509502411
115	0.3459359109401703	0.1568785309791565	-0.1890573799610138
116	0.34496352076530457	0.15493375062942505	-0.19002977013587952
117	0.34368041157722473	0.15236753225326538	-0.19131287932395935
118	0.34278443455696106	0.15057557821273804	-0.19220885634422302
119	0.34214285016059875	0.14929240942001343	-0.19285044074058533
120	0.34143713116645813	0.14788097143173218	-0.19355615973472595
121	0.34042590856552124	0.1458585262298584	-0.19456738233566284
122	0.3396632969379425	0.14433330297470093	-0.19532999396324158
123	0.3391100764274597	0.14322686195373535	-0.19588321447372437
124	0.33848807215690613	0.14198285341262817	-0.19650521874427795
125	0.3373323678970337	0.1396714448928833	-0.1976609230041504
126	0.33659636974334717	0.13819944858551025	-0.19839692115783691
127	0.3359512388706207	0.13690918684005737	-0.19904205203056335
128	0.33548930287361145	0.13598531484603882	-0.19950398802757263
129	0.33463653922080994	0.1342797875404358	-0.20035675168037415
130	0.3338809013366699	0.13276851177215576	-0.20111238956451416
131	0.3333047032356262	0.13161611557006836	-0.20168858766555786
132	0.3328877389431	0.13078218698501587	-0.2021055519580841
133	0.33220675587654114	0.1294202208518982	-0.20278653502464294
134	0.33152318000793457	0.12805306911468506	-0.2034701108932495
135	0.33091825246810913	0.12684321403503418	-0.20407503843307495
136	0.3304077684879303	0.1258222460746765	-0.20458552241325378
137	0.3299853503704071	0.12497740983963013	-0.20500794053077698
138	0.3293933570384979	0.12379342317581177	-0.20559993386268616
139	0.32894793152809143	0.12290257215499878	-0.20604535937309265
140	0.328369677066803	0.12174606323242188	-0.2066236138343811
141	0.3276796042919159	0.1203659176826477	-0.2073136866092682
142	0.3271341025829315	0.11927491426467896	-0.20785918831825256
143	0.326717734336853	0.11844217777252197	-0.20827555656433105
144	0.32629892230033875	0.11760455369949341	-0.20869436860084534
145	0.32565614581108093	0.11631900072097778	-0.20933714509010315
146	0.32514357566833496	0.11529386043548584	-0.20984971523284912
147	0.3247133493423462	0.1144334077835083	-0.2102799415588379
148	0.32376202940940857	0.11253076791763306	-0.2112312614917755
149	0.3232114315032959	0.11142957210540771	-0.21178185939788818
150	0.3227292597293854	0.11046522855758667	-0.2122640311717987
151	0.3219056725502014	0.10881805419921875	-0.21308761835098267
152	0.3213675618171692	0.1077418327331543	-0.2136257290840149
153	0.32096704840660095	0.10694080591201782	-0.21402624249458313
154	0.32033994793891907	0.10568660497665405	-0.21465334296226501
155	0.31983014941215515	0.10466700792312622	-0.21516314148902893
156	0.3194233477115631	0.10385340452194214	-0.21556994318962097
157	0.3189103603363037	0.10282742977142334	-0.21608293056488037
158	0.31831130385398865	0.10162931680679321	-0.21668198704719543
159	0.31781816482543945	0.10064303874969482	-0.21717512607574463
160	0.31742021441459656	0.09984713792800903	-0.21757307648658752
161	0.31694331765174866	0.09889334440231323	-0.21804997324943542
162	0.3164899945259094	0.09798669815063477	-0.21850329637527466
163	0.3160358667373657	0.09707844257354736	-0.21895742416381836
164	0.3148537576198578	0.0947142243385315	-0.2201395332813263
165	0.3143670856952667	0.09374088048934937	-0.22062620520591736
166	0.3137359917163849	0.0924786925315857	-0.2212572991847992
167	0.31322893500328064	0.0914645791053772	-0.22176435589790344
168	0.31269168853759766	0.09039008617401123	-0.22230160236358643
169	0.31206464767456055	0.08913600444793701	-0.22292864322662354
170	0.3115393817424774	0.08808547258377075	-0.22345390915870667
171	0.3111051917076111	0.08721709251403809	-0.223888099193573
172	0.3107318580150604	0.08647042512893677	-0.22426143288612366
173	0.3101270794868469	0.08526086807250977	-0.22486621141433716
174	0.3096160590648651	0.08423882722854614	-0.22537723183631897
175	0.30917492508888245	0.08335655927658081	-0.22581836581230164
176	0.3087601363658905	0.08252698183059692	-0.22623315453529358
177	0.30838215351104736	0.08177101612091064	-0.22661113739013672
178	0.3078083395957947	0.08062338829040527	-0.2271849513053894
179	0.3073192238807678	0.07964515686035156	-0.22767406702041626
180	0.3069097399711609	0.0788261890411377	-0.2280835509300232
181	0.30653440952301025	0.07807552814483643	-0.22845888137817383
182	0.30601966381073	0.07704603672027588	-0.2289736270904541
183	0.30455148220062256	0.07410967350006104	-0.23044180870056152
184	0.3039884567260742	0.07298362255096436	-0.23100483417510986
185	0.30340462923049927	0.07181596755981445	-0.23158866167068481
186	0.30260950326919556	0.07022571563720703	-0.23238378763198853
187	0.30203378200531006	0.06907427310943604	-0.23295950889587402
188	0.3015959858894348	0.06819868087768555	-0.23339730501174927
189	0.3010258376598358	0.06705838441848755	-0.23396745324134827
190	0.3005346953868866	0.06607609987258911	-0.23445859551429749
191	0.3000992238521576	0.0652051568031311	-0.2348940670490265
192	0.29958274960517883	0.06417220830917358	-0.23541054129600525
193	0.2991766929626465	0.06336009502410889	-0.2358165979385376
194	0.2987564206123352	0.06251955032348633	-0.23623687028884888
195	0.2982090413570404	0.06142479181289673	-0.23678424954414368
196	0.2977363169193268	0.06047934293746948	-0.2372569739818573
197	0.2973310649394989	0.05966883897781372	-0.23766222596168518
198	0.2967830300331116	0.05857276916503906	-0.2382102608680725
199	0.2963895797729492	0.057785868644714355	-0.23860371112823486
200	0.2959884703159332	0.05698364973068237	-0.23900482058525085
201	0.2954610586166382	0.055928826332092285	-0.2395322322845459
202	0.29500359296798706	0.05501389503479004	-0.23998969793319702
203	0.294611394405365	0.0542294979095459	-0.2403818964958191
204	0.2942696809768677	0.05354607105255127	-0.2407236099243164
205	0.2938877046108246	0.05278211832046509	-0.2411055862903595
206	0.29345035552978516	0.05190742015838623	-0.24154293537139893
207	0.29306939244270325	0.05114549398422241	-0.24192389845848083
208	0.29255926609039307	0.05012524127960205	-0.24243402481079102
209	0.29208409786224365	0.04917490482330322	-0.24290919303894043
210	0.29165133833885193	0.048309385776519775	-0.24334195256233215
211	0.29127970337867737	0.047566115856170654	-0.2437135875225067
212	0.2909194827079773	0.04684567451477051	-0.2440738081932068
213	0.2904254198074341	0.04585754871368408	-0.24456787109375
214	0.2899940013885498	0.04499471187591553	-0.24499928951263428
215	0.28962060809135437	0.04424792528152466	-0.2453726828098297
216	0.2893025279045105	0.043611764907836914	-0.24569076299667358
217	0.2889080345630646	0.04282277822494507	-0.2460852563381195
218	0.2884758710861206	0.04195845127105713	-0.24651741981506348
219	0.28809991478919983	0.041206538677215576	-0.24689337611198425
220	0.2877592444419861	0.040525197982788086	-0.247234046459198
221	0.2873532474040985	0.03971320390701294	-0.24764004349708557
222	0.2865564227104187	0.03811955451965332	-0.24843686819076538
223	0.2860533893108368	0.0371134877204895	-0.2489399015903473
224	0.2856109142303467	0.03622853755950928	-0.2493823766708374
225	0.2852921783924103	0.035591065883636475	-0.2497011125087738
226	0.2848714292049408	0.03474956750869751	-0.2501218616962433
227	0.2844431400299072	0.03389298915863037	-0.25055015087127686
228	0.2840435802936554	0.03309386968612671	-0.2509497106075287
229	0.2836802899837494	0.0323672890663147	-0.2513130009174347
230	0.2833658456802368	0.03173840045928955	-0.25162744522094727
231	0.2829774022102356	0.03096151351928711	-0.2520158886909485
232	0.2825585901737213	0.030123889446258545	-0.25243470072746277
233	0.28219062089920044	0.029387950897216797	-0.25280267000198364
234	0.2819708585739136	0.028948426246643066	-0.2530224323272705
235	0.28166279196739197	0.028332293033599854	-0.2533304989337921
236	0.28129488229751587	0.027596473693847656	-0.2536984086036682
237	0.28060558438301086	0.026217877864837646	-0.2543877065181732
238	0.2801806926727295	0.025368094444274902	-0.2548125982284546
239	0.2799423933029175	0.02489149570465088	-0.2550508975982666
240	0.2796086072921753	0.024223923683166504	-0.2553846836090088
241	0.27930405735969543	0.023614823818206787	-0.25568923354148865
242	0.27898702025413513	0.02298074960708618	-0.25600627064704895
243	0.27869680523872375	0.022400319576263428	-0.2562964856624603
244	0.2784539461135864	0.02191460132598877	-0.25653934478759766
245	0.27817559242248535	0.02135789394378662	-0.25681769847869873
246	0.277961790561676	0.02093029022216797	-0.25703150033950806
247	0.2776682674884796	0.020343244075775146	-0.25732502341270447
248	0.27730047702789307	0.01960766315460205	-0.257692813873291
249	0.2770923972129822	0.019191503524780273	-0.2579008936882019
250	0.27677369117736816	0.018554091453552246	-0.2582195997238159
251	0.2765999734401703	0.018206655979156494	-0.2583933174610138
252	0.276134192943573	0.017275094985961914	-0.2588590979576111
253	0.27560412883758545	0.016214966773986816	-0.25938916206359863
254	0.2752683460712433	0.01554340124130249	-0.2597249448299408
255	0.2750135064125061	0.015033721923828125	-0.259979784488678
256	0.27447834610939026	0.013963401317596436	-0.2605149447917938
257	0.2738158404827118	0.012638390064239502	-0.2611774504184723
258	0.27336084842681885	0.011728405952453613	-0.26163244247436523
259	0.27308133244514465	0.011169373989105225	-0.26191195845603943
260	0.2728366553783417	0.010680019855499268	-0.2621566355228424
261	0.2725449800491333	0.01009666919708252	-0.2624483108520508
262	0.27219000458717346	0.009386718273162842	-0.2628032863140106
263	0.27196043729782104	0.008927583694458008	-0.26303285360336304
264	0.2716316282749176	0.008269965648651123	-0.2633616626262665
265	0.2707960903644562	0.0065988898277282715	-0.2641972005367279
266	0.2704698443412781	0.00594639778137207	-0.264523446559906
267	0.2702500820159912	0.00550687313079834	-0.26474320888519287
268	0.26982226967811584	0.004651248455047607	-0.26517102122306824
269	0.26904046535491943	0.003087639808654785	-0.26595282554626465
270	0.26876676082611084	0.0025402307510375977	-0.26622653007507324
271	0.2683568000793457	0.0017203092575073242	-0.2666364908218384
272	0.26811230182647705	0.0012313127517700195	-0.26688098907470703
273	0.2678684592247009	0.0007436275482177734	-0.26712483167648315
274	0.26757892966270447	0.00016456842422485352	-0.2674143612384796
275	0.2673293948173523	-0.0003345012664794922	-0.2676638960838318
276	0.26707908511161804	-0.000835120677947998	-0.26791420578956604
277	0.26673755049705505	-0.0015181899070739746	-0.26825574040412903
278	0.2664346992969513	-0.002123892307281494	-0.2685585916042328
279	0.26608020067214966	-0.0028328895568847656	-0.2689130902290344
280	0.2657777667045593	-0.0034377574920654297	-0.26921552419662476
281	0.2654637396335602	-0.004065811634063721	-0.2695295512676239
282	0.2650908827781677	-0.004811525344848633	-0.26990240812301636
283	0.264893114566803	-0.005207061767578125	-0.2701001763343811
284	0.26456892490386963	-0.005855441093444824	-0.27042436599731445
285	0.26425662636756897	-0.006480038166046143	-0.2707366645336151
286	0.2640253007411957	-0.006942689418792725	-0.2709679901599884
287	0.2638248801231384	-0.0073435306549072266	-0.27116841077804565
288	0.26357829570770264	-0.007836699485778809	-0.27141499519348145
289	0.2632502019405365	-0.008492887020111084	-0.2717430889606476
290	0.26308366656303406	-0.008825957775115967	-0.27190962433815
291	0.26279017329216003	-0.009412944316864014	-0.27220311760902405
292	0.26234203577041626	-0.010309219360351562	-0.2726512551307678
293	0.2619748115539551	-0.011043667793273926	-0.273018479347229
294	0.2617012858390808	-0.011590719223022461	-0.27329200506210327
295	0.261476993560791	-0.01203930377960205	-0.27351629734039307
296	0.2612694203853607	-0.012454450130462646	-0.27372387051582336
297	0.2605886161327362	-0.01381605863571167	-0.2744046747684479
298	0.26040151715278625	-0.014190256595611572	-0.2745917737483978
299	0.26013287901878357	-0.014727532863616943	-0.2748604118824005
300	0.2597833573818207	-0.015426576137542725	-0.2752099335193634
301	0.25962135195732117	-0.015750586986541748	-0.2753719389438629
302	0.25945380330085754	-0.016085684299468994	-0.27553948760032654
303	0.2593191862106323	-0.016354918479919434	-0.27567410469055176
304	0.2589811682701111	-0.017030954360961914	-0.276012122631073
305	0.2587216794490814	-0.01754993200302124	-0.27627161145210266
306	0.25858670473098755	-0.017819881439208984	-0.27640658617019653
307	0.25837472081184387	-0.018243849277496338	-0.2766185700893402
308	0.25789374113082886	-0.019205808639526367	-0.2770995497703552
309	0.2575654983520508	-0.01986229419708252	-0.2774277925491333
310	0.2573069930076599	-0.020379304885864258	-0.27768629789352417
311	0.2571108043193817	-0.020771682262420654	-0.27788248658180237
312	0.25663042068481445	-0.021732449531555176	-0.27836287021636963
313	0.25631648302078247	-0.02236032485961914	-0.2786768078804016
314	0.256021112203598	-0.022951066493988037	-0.27897217869758606
315	0.25566181540489197	-0.023669660091400146	-0.2793314754962921
316	0.255330353975296	-0.02433258295059204	-0.27966293692588806
317	0.25505438446998596	-0.024884521961212158	-0.2799389064311981
318	0.2546248733997345	-0.025743544101715088	-0.2803684175014496
319	0.254195898771286	-0.02660149335861206	-0.28079739212989807
320	0.25396138429641724	-0.02707052230834961	-0.28103190660476685
321	0.25374835729599	-0.0274965763092041	-0.2812449336051941
322	0.2534753382205963	-0.028042614459991455	-0.28151795268058777
323	0.25320854783058167	-0.028576195240020752	-0.2817847430706024
324	0.25279131531715393	-0.02941066026687622	-0.28220197558403015
325	0.2525584101676941	-0.0298764705657959	-0.28243488073349
326	0.25217485427856445	-0.030643582344055176	-0.28281843662261963
327	0.2519591152667999	-0.03107506036758423	-0.28303417563438416
328	0.251674622297287	-0.03164404630661011	-0.2833186686038971
329	0.2512519955635071	-0.03248929977416992	-0.283741295337677
330	0.25102919340133667	-0.03293490409851074	-0.2839640974998474
331	0.2507663369178772	-0.03346061706542969	-0.2842269539833069
332	0.25040510296821594	-0.0341830849647522	-0.28458818793296814
333	0.2502102851867676	-0.034572720527648926	-0.2847830057144165
334	0.24979440867900848	-0.035404473543167114	-0.2851988822221756
335	0.24908879399299622	-0.03681570291519165	-0.28590449690818787
336	0.24840769171714783	-0.03817790746688843	-0.28658559918403625
337	0.2479139119386673	-0.03916546702384949	-0.2870793789625168
338	0.24757647514343262	-0.03984034061431885	-0.28741681575775146
339	0.24708083271980286	-0.04083162546157837	-0.2879124581813812
340	0.2467404305934906	-0.04151242971420288	-0.2882528603076935
341	0.2463768720626831	-0.04223954677581787	-0.288616418838501
342	0.24611932039260864	-0.0427546501159668	-0.28887397050857544
343	0.24572552740573883	-0.04354223608970642	-0.28926776349544525
344	0.24533802270889282	-0.04431724548339844	-0.28965526819229126
345	0.2450612187385559	-0.044870853424072266	-0.2899320721626282
346	0.2446581870317459	-0.04567691683769226	-0.29033510386943817
347	0.24441944062709808	-0.046154409646987915	-0.290573850274086
348	0.24411477148532867	-0.04676374793052673	-0.2908785194158554
349	0.2438274770975113	-0.0473383367061615	-0.2911658138036728
350	0.24350625276565552	-0.04798078536987305	-0.29148703813552856
351	0.24308891594409943	-0.04881545901298523	-0.29190437495708466
352	0.2425852119922638	-0.049822866916656494	-0.2924080789089203
353	0.24219584465026855	-0.05060160160064697	-0.2927974462509155
354	0.24183231592178345	-0.05132865905761719	-0.29316097497940063
355	0.24140676856040955	-0.05217975378036499	-0.29358652234077454
356	0.24114079773426056	-0.052711695432662964	-0.2938524931669235
357	0.24075840413570404	-0.053476482629776	-0.29423488676548004
358	0.24044020473957062	-0.05411288142204285	-0.29455308616161346
359	0.2400822639465332	-0.054828763008117676	-0.2949110269546509
360	0.23986195027828217	-0.05526939034461975	-0.2951313406229019
361	0.23946937918663025	-0.056054532527923584	-0.29552391171455383
362	0.23923471570014954	-0.05652385950088501	-0.29575857520103455
363	0.23897060751914978	-0.05705207586288452	-0.2960226833820343
364	0.23871958255767822	-0.05755412578582764	-0.29627370834350586
365	0.23845160007476807	-0.05809009075164795	-0.296541690826416
366	0.2382427603006363	-0.0585077702999115	-0.2967505306005478
367	0.23803642392158508	-0.058920443058013916	-0.296956866979599
368	0.2375481128692627	-0.05989706516265869	-0.2974451780319214
369	0.23713773488998413	-0.06071782112121582	-0.29785555601119995
370	0.23685453832149506	-0.06128421425819397	-0.298138752579689
371	0.23664388060569763	-0.06170552968978882	-0.29834941029548645
372	0.23632076382637024	-0.062351763248443604	-0.29867252707481384
373	0.23608165979385376	-0.06282997131347656	-0.2989116311073303
374	0.23578307032585144	-0.0634271502494812	-0.29921022057533264
375	0.23540563881397247	-0.06418201327323914	-0.2995876520872116
376	0.23520445823669434	-0.06458437442779541	-0.29978883266448975
377	0.23500287532806396	-0.06498754024505615	-0.2999904155731201
378	0.2348261922597885	-0.06534090638160706	-0.30016709864139557
379	0.23452049493789673	-0.06595230102539062	-0.30047279596328735
380	0.23433417081832886	-0.06632494926452637	-0.3006591200828552
381	0.23402684926986694	-0.0669395923614502	-0.30096644163131714
382	0.23373015224933624	-0.0675329864025116	-0.30126313865184784
383	0.23353683948516846	-0.06791961193084717	-0.3014564514160156
384	0.23334719240665436	-0.06829890608787537	-0.3016460984945297
385	0.2329571545124054	-0.06907898187637329	-0.3020361363887787
386	0.2326938509941101	-0.06960558891296387	-0.302299439907074
387	0.23231175541877747	-0.07036978006362915	-0.3026815354824066
388	0.23204483091831207	-0.07090362906455994	-0.302948459982872
389	0.2317628115415573	-0.07146766781806946	-0.30323047935962677
390	0.23156161606311798	-0.07187005877494812	-0.3034316748380661
391	0.2312033474445343	-0.07258659601211548	-0.3037899434566498
392	0.23099417984485626	-0.07300493121147156	-0.3039991110563278
393	0.2307938188314438	-0.07340565323829651	-0.3041994720697403
394	0.23055407404899597	-0.07388514280319214	-0.3044392168521881
395	0.230352520942688	-0.0742882490158081	-0.3046407699584961
396	0.23001982271671295	-0.07495364546775818	-0.30497346818447113
397	0.2297114133834839	-0.07557046413421631	-0.3052818775177002
398	0.22954986989498138	-0.07589355111122131	-0.3054434210062027
399	0.22939079999923706	-0.07621169090270996	-0.305602490901947
400	0.22923412919044495	-0.07652503252029419	-0.30575916171073914
401	0.22906892001628876	-0.07685545086860657	-0.3059243708848953
402	0.22890126705169678	-0.07719075679779053	-0.3060920238494873
403	0.22852101922035217	-0.07795125246047974	-0.3064722716808319
404	0.22824832797050476	-0.07849663496017456	-0.3067449629306793
405	0.22804637253284454	-0.078900545835495	-0.30694691836833954
406	0.22766727209091187	-0.07965874671936035	-0.3073260188102722
407	0.22748509049415588	-0.08002310991287231	-0.3075082004070282
408	0.22715920209884644	-0.08067488670349121	-0.30783408880233765
409	0.22687146067619324	-0.08125036954879761	-0.30812183022499084
410	0.22670549154281616	-0.08158230781555176	-0.3082877993583679
411	0.2265419363975525	-0.0819094181060791	-0.3084513545036316
412	0.22638028860092163	-0.08223271369934082	-0.30861300230026245
413	0.22595615684986115	-0.08308097720146179	-0.30903713405132294
414	0.22567708790302277	-0.08363911509513855	-0.3093162029981613
415	0.22528566420078278	-0.08442196249961853	-0.3097076267004013
416	0.2250252366065979	-0.08494281768798828	-0.3099680542945862
417	0.22474664449691772	-0.08550000190734863	-0.31024664640426636
418	0.22454431653022766	-0.08590465784072876	-0.3104489743709564
419	0.22434350848197937	-0.08630627393722534	-0.3106497824192047
420	0.22414425015449524	-0.0867047905921936	-0.31084904074668884
421	0.22394655644893646	-0.08710017800331116	-0.3110467344522476
422	0.22374548017978668	-0.08750233054161072	-0.3112478107213974
423	0.2235216349363327	-0.08795002102851868	-0.3114716559648514
424	0.22325976192951202	-0.08847376704216003	-0.31173352897167206
425	0.22306475043296814	-0.0888637900352478	-0.31192854046821594
426	0.22287124395370483	-0.08925080299377441	-0.31212204694747925
427	0.22267931699752808	-0.08963465690612793	-0.312313973903656
428	0.2224888652563095	-0.09001556038856506	-0.3125044256448746
429	0.2222999632358551	-0.09039336442947388	-0.312693327665329
430	0.22211256623268127	-0.09076815843582153	-0.3128807246685028
431	0.22192318737506866	-0.09114691615104675	-0.3130701035261154
432	0.22162054479122162	-0.09175220131874084	-0.31337274610996246
433	0.22141943871974945	-0.09215441346168518	-0.31357385218143463
434	0.22111307084560394	-0.0927671492099762	-0.31388022005558014
435	0.2208092361688614	-0.0933748185634613	-0.3141840547323227
436	0.220617413520813	-0.0937584638595581	-0.3143758773803711
437	0.22042714059352875	-0.09413900971412659	-0.31456615030765533
438	0.22023837268352509	-0.09451654553413391	-0.314754918217659
439	0.2200511395931244	-0.0948910117149353	-0.3149421513080597
440	0.21986399590969086	-0.09526529908180237	-0.3151292949914932
441	0.21966804563999176	-0.09565719962120056	-0.3153252452611923
442	0.21935823559761047	-0.09627681970596313	-0.3156350553035736
443	0.21906234323978424	-0.0968686044216156	-0.31593094766139984
444	0.21886703372001648	-0.09725922346115112	-0.3161262571811676
445	0.21867327392101288	-0.09764674305915833	-0.3163200169801712
446	0.21848103404045105	-0.09803122282028198	-0.31651225686073303
447	0.2182903289794922	-0.09841263294219971	-0.3167029619216919
448	0.21810109913349152	-0.09879109263420105	-0.31689219176769257
449	0.217913419008255	-0.09916645288467407	-0.3170798718929291
450	0.21772725880146027	-0.09953877329826355	-0.3172660320997238
451	0.2175426036119461	-0.09990808367729187	-0.317450687289238
452	0.21735943853855133	-0.10027441382408142	-0.31763385236263275
453	0.21717697381973267	-0.10063934326171875	-0.3178163170814514
454	0.2169857919216156	-0.10102170705795288	-0.3180074989795685
455	0.2167961150407791	-0.10140106081962585	-0.31819717586040497
456	0.21660786867141724	-0.10177755355834961	-0.31838542222976685
457	0.21629218757152557	-0.10240891575813293	-0.3187011033296585
458	0.2160048484802246	-0.10298359394073486	-0.3189884424209595
459	0.2158167064189911	-0.1033598780632019	-0.319176584482193
460	0.21563006937503815	-0.10373315215110779	-0.31936322152614594
461	0.2154449224472046	-0.1041034460067749	-0.3195483684539795
462	0.2152612805366516	-0.10447072982788086	-0.31973201036453247
463	0.21507912874221802	-0.10483503341674805	-0.31991416215896606
464	0.2148984968662262	-0.10519629716873169	-0.3200947940349579
465	0.21471932530403137	-0.10555464029312134	-0.3202739655971527
466	0.21453961730003357	-0.10591405630111694	-0.3204536736011505
467	0.21435245871543884	-0.1062883734703064	-0.32064083218574524
468	0.21416686475276947	-0.10665956139564514	-0.3208264261484146
469	0.2139827311038971	-0.10702782869338989	-0.321010559797287
470	0.2138000726699829	-0.10739314556121826	-0.32119321823120117
471	0.2136189043521881	-0.10775548219680786	-0.32137438654899597
472	0.2134390026330948	-0.1081152856349945	-0.3215542882680893
473	0.2131165713071823	-0.10876014828681946	-0.32187671959400177
474	0.2128394991159439	-0.10931429266929626	-0.3221537917852402
475	0.2126598209142685	-0.1096736490726471	-0.3223334699869156
476	0.21248163282871246	-0.11003002524375916	-0.3225116580724716
477	0.21230493485927582	-0.11038342118263245	-0.32268835604190826
478	0.21212971210479736	-0.11073386669158936	-0.3228635787963867
479	0.21194800734519958	-0.11109727621078491	-0.3230452835559845
480	0.211764857172966	-0.11146357655525208	-0.3232284337282181
481	0.2115832269191742	-0.1118268370628357	-0.3234100639820099
482	0.2114030122756958	-0.11218726634979248	-0.3235902786254883
483	0.21122431755065918	-0.11254465579986572	-0.3237689733505249
484	0.21104706823825836	-0.11289915442466736	-0.3239462226629257
485	0.21087130904197693	-0.11325067281723022	-0.32412198185920715
486	0.2106969952583313	-0.11359930038452148	-0.3242962956428528
487	0.21052415668964386	-0.11394497752189636	-0.3244691342115402
488	0.21035277843475342	-0.11428773403167725	-0.32464051246643066
489	0.21018221974372864	-0.1146288514137268	-0.32481107115745544
490	0.209852933883667	-0.1152874231338501	-0.3251403570175171
491	0.20958596467971802	-0.11582136154174805	-0.32540732622146606
492	0.20941604673862457	-0.11616119742393494	-0.3255772441625595
493	0.20924755930900574	-0.11649817228317261	-0.32574573159217834
494	0.2090805172920227	-0.11683225631713867	-0.3259127736091614
495	0.20891495048999786	-0.11716338992118835	-0.3260783404111862
496	0.20874635875225067	-0.11750057339668274	-0.3262469321489334
497	0.20857295393943787	-0.11784738302230835	-0.3264203369617462
498	0.20840096473693848	-0.11819136142730713	-0.3265923261642456
499	0.20823049545288086	-0.11853229999542236	-0.3267627954483032
500	0.20806147158145905	-0.11887034773826599	-0.32693181931972504
501	0.20789383351802826	-0.11920562386512756	-0.3270994573831558
502	0.20772768557071686	-0.11953791975975037	-0.3272656053304672
503	0.20756292343139648	-0.11986744403839111	-0.3274303674697876
504	0.20739957690238953	-0.12019413709640503	-0.32759371399879456
505	0.20707640051841736	-0.12084048986434937	-0.3279168903827667
506	0.20681418478488922	-0.12136492133140564	-0.32817910611629486
507	0.20665091276168823	-0.12169146537780762	-0.32834237813949585
508	0.20648899674415588	-0.12201529741287231	-0.3285042941570282
509	0.20632854104042053	-0.12233620882034302	-0.32866474986076355
510	0.2061695158481598	-0.1226542592048645	-0.3288237750530243
511	0.20601187646389008	-0.12296953797340393	-0.328981414437294
512	0.20585565268993378	-0.12328198552131653	-0.3291376382112503
513	0.20569869875907898	-0.12359589338302612	-0.3292945921421051
514	0.20553477108478546	-0.12392374873161316	-0.3294585198163986
515	0.20537230372428894	-0.1242486834526062	-0.32962098717689514
516	0.20521122217178345	-0.12457084655761719	-0.32978206872940063
517	0.20505154132843018	-0.12489020824432373	-0.3299417495727539
518	0.2048933058977127	-0.12520667910575867	-0.3300999850034714
519	0.20473647117614746	-0.12552034854888916	-0.3302568197250366
520	0.20458100736141205	-0.12583127617835999	-0.33041228353977203
521	0.20442697405815125	-0.1261393427848816	-0.33056631684303284
522	0.20427310466766357	-0.12644708156585693	-0.3307201862335205
523	0.20401912927627563	-0.1269550323486328	-0.33097416162490845
524	0.20376640558242798	-0.12746047973632812	-0.3312268853187561
525	0.203613743185997	-0.12776580452919006	-0.3313795477151871
526	0.20346245169639587	-0.12806838750839233	-0.3315308392047882
527	0.20331259071826935	-0.12836810946464539	-0.33168070018291473
528	0.20316408574581146	-0.12866511940956116	-0.3318292051553726
529	0.2030169516801834	-0.12895938754081726	-0.33197633922100067
530	0.20286813378334045	-0.12925702333450317	-0.33212515711784363
531	0.20271341502666473	-0.12956646084785461	-0.33227987587451935
532	0.20256009697914124	-0.1298730969429016	-0.33243319392204285
533	0.20240819454193115	-0.13017690181732178	-0.33258509635925293
534	0.2022576481103897	-0.13047799468040466	-0.3327356427907944
535	0.2021084725856781	-0.13077634572982788	-0.332884818315506
536	0.20195986330509186	-0.13107356429100037	-0.3330334275960922
537	0.2017364501953125	-0.13152039051055908	-0.3332568407058716
538	0.20149122178554535	-0.13201084733009338	-0.33350206911563873
539	0.20134344696998596	-0.13230639696121216	-0.3336498439311981
540	0.2011965960264206	-0.1326000988483429	-0.3337966948747635
541	0.20104649662971497	-0.13290029764175415	-0.3339467942714691
542	0.20089779794216156	-0.13319769501686096	-0.3340954929590225
543	0.20075049996376038	-0.13349229097366333	-0.3342427909374237
544	0.20060458779335022	-0.13378411531448364	-0.33438870310783386
545	0.2004600316286087	-0.13407322764396667	-0.3345332592725754
546	0.2003168761730194	-0.13435953855514526	-0.3346764147281647
547	0.20017504692077637	-0.13464319705963135	-0.3348182439804077
548	0.20003460347652435	-0.13492408394813538	-0.33495868742465973
549	0.19989553093910217	-0.13520222902297974	-0.3350977599620819
550	0.19975779950618744	-0.1354776918888092	-0.33523549139499664
551	0.19961732625961304	-0.135758638381958	-0.33537596464157104
552	0.19952203333377838	-0.13594922423362732	-0.3354712575674057
553	0.1993916630744934	-0.13620996475219727	-0.3356016278266907
554	0.19931922852993011	-0.13635483384132385	-0.33567406237125397
555	0.19925819337368011	-0.13647690415382385	-0.33573509752750397
556	0.19919180870056152	-0.13660967350006104	-0.33580148220062256
557	0.19917254149913788	-0.13664820790290833	-0.3358207494020462
558	0.19914567470550537	-0.13670194149017334	-0.3358476161956787
559	0.19908547401428223	-0.13682234287261963	-0.33590781688690186
560	0.19896851480007172	-0.13705626130104065	-0.33602477610111237
561	0.1980128288269043	-0.1389676332473755	-0.3369804620742798
562	0.19783516228199005	-0.13932296633720398	-0.33715812861919403
563	0.19769586622714996	-0.13960155844688416	-0.3372974246740341
564	0.19760927557945251	-0.13977473974227905	-0.33738401532173157
565	0.197525754570961	-0.13994178175926208	-0.3374675363302231
566	0.19748999178409576	-0.14001330733299255	-0.3375032991170883
567	0.19748999178409576	-0.14001330733299255	-0.3375032991170883
568	0.19748999178409576	-0.14001330733299255	-0.3375032991170883
569	0.19748996198177338	-0.14001336693763733	-0.3375033289194107
570	0.19748996198177338	-0.14001336693763733	-0.3375033289194107
571	0.19748996198177338	-0.14001336693763733	-0.3375033289194107
572	0.19748996198177338	-0.14001336693763733	-0.3375033289194107
573	0.19748996198177338	-0.14001336693763733	-0.3375033289194107
574	0.19748996198177338	-0.14001336693763733	-0.3375033289194107
575	0.19748996198177338	-0.14001336693763733	-0.3375033289194107
576	0.19748996198177338	-0.14001336693763733	-0.3375033289194107
577	0.19748996198177338	-0.14001336693763733	-0.3375033289194107
578	0.19748996198177338	-0.14001336693763733	-0.3375033289194107
579	0.19748996198177338	-0.14001336693763733	-0.3375033289194107
580	0.19748996198177338	-0.14001336693763733	-0.3375033289194107
581	0.19748996198177338	-0.14001336693763733	-0.3375033289194107
582	0.19748996198177338	-0.14001336693763733	-0.3375033289194107
583	0.19748996198177338	-0.14001336693763733	-0.3375033289194107
584	0.19748996198177338	-0.14001336693763733	-0.3375033289194107
585	0.19748996198177338	-0.14001336693763733	-0.3375033289194107
586	0.19748996198177338	-0.14001336693763733	-0.3375033289194107
587	0.19748996198177338	-0.14001336693763733	-0.3375033289194107
588	0.19748996198177338	-0.14001336693763733	-0.3375033289194107
589	0.19748996198177338	-0.14001336693763733	-0.3375033289194107
590	0.19748996198177338	-0.14001336693763733	-0.3375033289194107
591	0.19748996198177338	-0.14001336693763733	-0.3375033289194107
592	0.19748996198177338	-0.14001336693763733	-0.3375033289194107
593	0.19748996198177338	-0.14001336693763733	-0.3375033289194107
594	0.19748996198177338	-0.14001336693763733	-0.3375033289194107
595	0.19748996198177338	-0.14001336693763733	-0.3375033289194107
596	0.19748996198177338	-0.14001336693763733	-0.3375033289194107
597	0.19748996198177338	-0.14001336693763733	-0.3375033289194107
598	0.19748996198177338	-0.14001336693763733	-0.3375033289194107
599	0.19748996198177338	-0.14001336693763733	-0.3375033289194107
600	0.19748996198177338	-0.14001336693763733	-0.3375033289194107
601	0.19748996198177338	-0.14001336693763733	-0.3375033289194107
602	0.19748996198177338	-0.14001336693763733	-0.3375033289194107
603	0.19748996198177338	-0.14001336693763733	-0.3375033289194107
604	0.19748996198177338	-0.14001336693763733	-0.3375033289194107
605	0.19748996198177338	-0.14001336693763733	-0.3375033289194107
606	0.19748996198177338	-0.14001336693763733	-0.3375033289194107
607	0.19748996198177338	-0.14001336693763733	-0.3375033289194107
608	0.19748996198177338	-0.14001336693763733	-0.3375033289194107
609	0.19748996198177338	-0.14001336693763733	-0.3375033289194107
610	0.19748996198177338	-0.14001336693763733	-0.3375033289194107
611	0.19748996198177338	-0.14001336693763733	-0.3375033289194107
612	0.19748996198177338	-0.14001336693763733	-0.3375033289194107
613	0.19748996198177338	-0.14001336693763733	-0.3375033289194107
614	0.19748996198177338	-0.14001336693763733	-0.3375033289194107
615	0.19748996198177338	-0.14001336693763733	-0.3375033289194107
616	0.19748996198177338	-0.14001336693763733	-0.3375033289194107
617	0.19748996198177338	-0.14001336693763733	-0.3375033289194107
618	0.19748996198177338	-0.14001336693763733	-0.3375033289194107
619	0.19748996198177338	-0.14001336693763733	-0.3375033289194107
620	0.19748996198177338	-0.14001336693763733	-0.3375033289194107
621	0.19748996198177338	-0.14001336693763733	-0.3375033289194107
622	0.19748996198177338	-0.14001336693763733	-0.3375033289194107
623	0.19748996198177338	-0.14001336693763733	-0.3375033289194107
624	0.19748996198177338	-0.14001336693763733	-0.3375033289194107
625	0.19748996198177338	-0.14001336693763733	-0.3375033289194107
626	0.19748996198177338	-0.14001336693763733	-0.3375033289194107
627	0.19748996198177338	-0.14001336693763733	-0.3375033289194107
628	0.19748996198177338	-0.14001336693763733	-0.3375033289194107
629	0.19748996198177338	-0.14001336693763733	-0.3375033289194107
630	0.19748996198177338	-0.14001336693763733	-0.3375033289194107
631	0.19748996198177338	-0.14001336693763733	-0.3375033289194107
632	0.19748996198177338	-0.14001336693763733	-0.3375033289194107
633	0.19748996198177338	-0.14001336693763733	-0.3375033289194107
634	0.19748996198177338	-0.14001336693763733	-0.3375033289194107
635	0.19748996198177338	-0.14001336693763733	-0.3375033289194107
636	0.19748996198177338	-0.14001336693763733	-0.3375033289194107
637	0.19748996198177338	-0.14001336693763733	-0.3375033289194107
638	0.19748996198177338	-0.14001336693763733	-0.3375033289194107
639	0.19748996198177338	-0.14001336693763733	-0.3375033289194107
640	0.19748996198177338	-0.14001336693763733	-0.3375033289194107
641	0.19748996198177338	-0.14001336693763733	-0.3375033289194107
642	0.19748996198177338	-0.14001336693763733	-0.3375033289194107
643	0.19748996198177338	-0.14001336693763733	-0.3375033289194107
644	0.19748996198177338	-0.14001336693763733	-0.3375033289194107
645	0.19748996198177338	-0.14001336693763733	-0.3375033289194107
646	0.19748996198177338	-0.14001336693763733	-0.3375033289194107
647	0.19748996198177338	-0.14001336693763733	-0.3375033289194107
648	0.19748996198177338	-0.14001336693763733	-0.3375033289194107
649	0.19748996198177338	-0.14001336693763733	-0.3375033289194107
650	0.19748996198177338	-0.14001336693763733	-0.3375033289194107
651	0.19748996198177338	-0.14001336693763733	-0.3375033289194107
652	0.19748996198177338	-0.14001336693763733	-0.3375033289194107
653	0.19748996198177338	-0.14001336693763733	-0.3375033289194107
654	0.19748996198177338	-0.14001336693763733	-0.3375033289194107
655	0.19748996198177338	-0.14001336693763733	-0.3375033289194107
656	0.19748996198177338	-0.14001336693763733	-0.3375033289194107
657	0.19748996198177338	-0.14001336693763733	-0.3375033289194107
658	0.19748996198177338	-0.14001336693763733	-0.3375033289194107
659	0.19748996198177338	-0.14001336693763733	-0.3375033289194107
660	0.19748996198177338	-0.14001336693763733	-0.3375033289194107
661	0.19748996198177338	-0.14001336693763733	-0.3375033289194107
662	0.19748996198177338	-0.14001336693763733	-0.3375033289194107
663	0.19748996198177338	-0.14001336693763733	-0.3375033289194107
664	0.19748996198177338	-0.14001336693763733	-0.3375033289194107
665	0.19748996198177338	-0.14001336693763733	-0.3375033289194107
666	0.19748996198177338	-0.14001336693763733	-0.3375033289194107
667	0.19748996198177338	-0.14001336693763733	-0.3375033289194107
668	0.19748996198177338	-0.14001336693763733	-0.3375033289194107
669	0.19748999178409576	-0.14001330733299255	-0.3375032991170883
670	0.19748999178409576	-0.14001330733299255	-0.3375032991170883
671	0.19748999178409576	-0.14001330733299255	-0.3375032991170883
672	0.19748999178409576	-0.14001330733299255	-0.3375032991170883
673	0.19748999178409576	-0.14001330733299255	-0.3375032991170883
674	0.19748999178409576	-0.14001330733299255	-0.3375032991170883
675	0.19748999178409576	-0.14001330733299255	-0.3375032991170883
676	0.19748999178409576	-0.14001330733299255	-0.3375032991170883
677	0.19748999178409576	-0.14001330733299255	-0.3375032991170883
678	0.19748999178409576	-0.14001330733299255	-0.3375032991170883
679	0.19748999178409576	-0.14001330733299255	-0.3375032991170883
680	0.19748999178409576	-0.14001330733299255	-0.3375032991170883
681	0.19748999178409576	-0.14001330733299255	-0.3375032991170883
682	0.19748999178409576	-0.14001330733299255	-0.3375032991170883
683	0.19748999178409576	-0.14001330733299255	-0.3375032991170883
684	0.19748999178409576	-0.14001330733299255	-0.3375032991170883
685	0.19748999178409576	-0.14001330733299255	-0.3375032991170883
686	0.19748999178409576	-0.14001330733299255	-0.3375032991170883
687	0.19746850430965424	-0.1400562822818756	-0.33752478659152985
688	0.19748352468013763	-0.1400262415409088	-0.33750976622104645
689	0.19742153584957123	-0.14015021920204163	-0.33757175505161285
690	0.19740620255470276	-0.14018088579177856	-0.3375870883464813
691	0.19739992916584015	-0.14019343256950378	-0.33759336173534393
692	0.19735071063041687	-0.14029186964035034	-0.3376425802707672
693	0.19735795259475708	-0.14027738571166992	-0.337635338306427
694	0.19731932878494263	-0.14035463333129883	-0.33767396211624146
695	0.1972941905260086	-0.14040490984916687	-0.3376991003751755
696	0.19727446138858795	-0.14044436812400818	-0.33771882951259613
697	0.1972588300704956	-0.14047563076019287	-0.3377344608306885
698	0.19724594056606293	-0.14050140976905823	-0.33774735033512115
699	0.19719919562339783	-0.14059489965438843	-0.33779409527778625
700	0.19720467925071716	-0.14058393239974976	-0.3377886116504669
701	0.1971616894006729	-0.14066991209983826	-0.33783160150051117
702	0.19713668525218964	-0.1407199203968048	-0.33785660564899445
703	0.1971489042043686	-0.1406954824924469	-0.3378443866968155
704	0.19709064066410065	-0.1408120095729828	-0.33790265023708344
705	0.1970890909433365	-0.1408151090145111	-0.3379041999578476
706	0.1970681995153427	-0.14085689187049866	-0.33792509138584137
707	0.1970345377922058	-0.14092421531677246	-0.33795875310897827
708	0.19704963266849518	-0.14089402556419373	-0.3379436582326889
709	0.1970391571521759	-0.14091497659683228	-0.3379541337490082
710	0.19702930748462677	-0.14093467593193054	-0.3379639834165573
711	0.19698892533779144	-0.1410154402256012	-0.33800436556339264
712	0.19699257612228394	-0.1410081386566162	-0.33800071477890015
713	0.19697487354278564	-0.1410435438156128	-0.33801841735839844
714	0.19697126746177673	-0.14105075597763062	-0.33802202343940735
715	0.19694694876670837	-0.14109939336776733	-0.3380463421344757
716	0.19691357016563416	-0.14116615056991577	-0.3380797207355499
717	0.19691723585128784	-0.1411588191986084	-0.33807605504989624
718	0.19690337777137756	-0.14118653535842896	-0.3380899131298065
719	0.19689330458641052	-0.14120668172836304	-0.33809998631477356
720	0.19685104489326477	-0.14129120111465454	-0.3381422460079193
721	0.19685451686382294	-0.1412842571735382	-0.33813877403736115
722	0.1968192458152771	-0.14135479927062988	-0.338174045085907
723	0.19679677486419678	-0.14139974117279053	-0.3381965160369873
724	0.19680890440940857	-0.14137548208236694	-0.3381843864917755
725	0.19675756990909576	-0.14147815108299255	-0.3382357209920883
726	0.19675388932228088	-0.14148551225662231	-0.3382394015789032
727	0.1967390477657318	-0.14151519536972046	-0.33825424313545227
728	0.19670791923999786	-0.14157745242118835	-0.3382853716611862
729	0.19672183692455292	-0.14154961705207825	-0.33827145397663116
730	0.19668175280094147	-0.14162978529930115	-0.3383115381002426
731	0.19666904211044312	-0.14165520668029785	-0.33832424879074097
732	0.19665385782718658	-0.1416855752468109	-0.3383394330739975
733	0.1966419667005539	-0.1417093575000763	-0.3383513242006302
734	0.19663363695144653	-0.14172601699829102	-0.33835965394973755
735	0.19659636914730072	-0.14180055260658264	-0.33839692175388336
736	0.19660112261772156	-0.14179104566574097	-0.3383921682834625
737	0.19656957685947418	-0.14185413718223572	-0.3384237140417099
738	0.19654934108257294	-0.1418946087360382	-0.33844394981861115
739	0.19656269252300262	-0.14186790585517883	-0.33843059837818146
740	0.1965157389640808	-0.14196181297302246	-0.33847755193710327
741	0.196513831615448	-0.14196562767028809	-0.3384794592857361
742	0.19650182127952576	-0.14198964834213257	-0.3384914696216583
743	0.19647282361984253	-0.14204764366149902	-0.33852046728134155
744	0.19648993015289307	-0.14201343059539795	-0.338503360748291
745	0.19645147025585175	-0.1420903503894806	-0.33854182064533234
746	0.19644227623939514	-0.1421087384223938	-0.33855101466178894
747	0.19643795490264893	-0.14211738109588623	-0.33855533599853516
748	0.1964261829853058	-0.1421409249305725	-0.3385671079158783
749	0.19642609357833862	-0.14214110374450684	-0.33856719732284546
750	0.19638612866401672	-0.14222103357315063	-0.33860716223716736
751	0.19639167189598083	-0.1422099471092224	-0.33860161900520325
752	0.19636651873588562	-0.14226025342941284	-0.33862677216529846
753	0.1963457465171814	-0.1423017978668213	-0.3386475443840027
754	0.19636718928813934	-0.1422589123249054	-0.33862610161304474
755	0.19636718928813934	-0.1422589123249054	-0.33862610161304474
756	0.19636718928813934	-0.1422589123249054	-0.33862610161304474
757	0.19636718928813934	-0.1422589123249054	-0.33862610161304474
758	0.19636718928813934	-0.1422589123249054	-0.33862610161304474
759	0.19635109603405	-0.1422910988330841	-0.3386421948671341
760	0.19635668396949768	-0.14227992296218872	-0.3386366069316864
761	0.19636033475399017	-0.14227262139320374	-0.3386329561471939
762	0.19633649289608002	-0.14232030510902405	-0.33865679800510406
763	0.19631780683994293	-0.14235767722129822	-0.33867548406124115
764	0.19632670283317566	-0.14233988523483276	-0.3386665880680084
765	0.19632306694984436	-0.14234715700149536	-0.3386702239513397
766	0.1962917149066925	-0.14240986108779907	-0.3387015759944916
767	0.1962956339120865	-0.1424020230770111	-0.3386976569890976
768	0.1962970346212387	-0.14239922165870667	-0.3386962562799454
769	0.19629448652267456	-0.14240431785583496	-0.3386988043785095
770	0.19626744091510773	-0.14245840907096863	-0.33872584998607635
771	0.19626757502555847	-0.14245814085006714	-0.3387257158756256
772	0.19627803564071655	-0.14243721961975098	-0.33871525526046753
773	0.19625666737556458	-0.14247995615005493	-0.3387366235256195
774	0.19626754522323608	-0.14245820045471191	-0.338725745677948
775	0.19627396762371063	-0.14244535565376282	-0.33871932327747345
776	0.19625641405582428	-0.14248046278953552	-0.3387368768453598
777	0.19624412059783936	-0.14250504970550537	-0.3387491703033447
778	0.19611313939094543	-0.1427670121192932	-0.33888015151023865
779	0.19609443843364716	-0.14280441403388977	-0.3388988524675369
780	0.19608789682388306	-0.14281749725341797	-0.338905394077301
781	0.1960628479719162	-0.14286759495735168	-0.3389304429292679
782	0.1960839182138443	-0.14282545447349548	-0.3389093726873398
783	0.1960839182138443	-0.14282545447349548	-0.3389093726873398
784	0.1960839182138443	-0.14282545447349548	-0.3389093726873398
785	0.1960839182138443	-0.14282545447349548	-0.3389093726873398
786	0.1960839182138443	-0.14282545447349548	-0.3389093726873398
787	0.19607992470264435	-0.14283344149589539	-0.33891336619853973
788	0.19607354700565338	-0.14284619688987732	-0.3389197438955307
789	0.1960839182138443	-0.14282545447349548	-0.3389093726873398
790	0.1960839182138443	-0.14282545447349548	-0.3389093726873398
791	0.1960565447807312	-0.14288020133972168	-0.3389367461204529
792	0.19607901573181152	-0.14283525943756104	-0.33891427516937256
793	0.19603390991687775	-0.1429254710674286	-0.33895938098430634
794	0.19602864980697632	-0.14293599128723145	-0.33896464109420776
795	0.19603195786476135	-0.14292937517166138	-0.33896133303642273
796	0.19599871337413788	-0.14299586415290833	-0.3389945775270462
797	0.19600997865200043	-0.14297333359718323	-0.33898331224918365
798	0.19601236283779144	-0.1429685652256012	-0.33898092806339264
799	0.1959892064332962	-0.14301487803459167	-0.3390040844678879
800	0.19597500562667847	-0.14304327964782715	-0.3390182852745056
801	0.19597838819026947	-0.14303651452064514	-0.3390149027109146
802	0.19599509239196777	-0.14300310611724854	-0.3389981985092163
803	0.19600024819374084	-0.1429927945137024	-0.33899304270744324
804	0.19595827162265778	-0.14307674765586853	-0.3390350192785263
805	0.19595631957054138	-0.14308065176010132	-0.3390369713306427
806	0.19595754146575928	-0.14307820796966553	-0.3390357494354248
807	0.19595402479171753	-0.14308524131774902	-0.33903926610946655
808	0.1959284394979477	-0.1431364119052887	-0.3390648514032364
809	0.1959385722875595	-0.14311614632606506	-0.3390547186136246
810	0.19594331085681915	-0.14310666918754578	-0.33904998004436493
811	0.19591467082500458	-0.14316394925117493	-0.3390786200761795
812	0.19592270255088806	-0.14314788579940796	-0.339070588350296
813	0.19592933356761932	-0.14313462376594543	-0.33906395733356476
814	0.19588428735733032	-0.14322471618652344	-0.33910900354385376
815	0.195809006690979	-0.14337527751922607	-0.3391842842102051
816	0.19580312073230743	-0.1433870494365692	-0.33919017016887665
817	0.19576451182365417	-0.14346426725387573	-0.3392287790775299
818	0.19577276706695557	-0.14344775676727295	-0.3392205238342285
819	0.19575245678424835	-0.14348837733268738	-0.33924083411693573
820	0.19573281705379486	-0.14352765679359436	-0.3392604738473892
821	0.19576029479503632	-0.14347270131111145	-0.33923299610614777
822	0.19576029479503632	-0.14347270131111145	-0.33923299610614777
823	0.19576029479503632	-0.14347270131111145	-0.33923299610614777
824	0.19576029479503632	-0.14347270131111145	-0.33923299610614777
825	0.19576029479503632	-0.14347270131111145	-0.33923299610614777
826	0.19574055075645447	-0.14351218938827515	-0.3392527401447296
827	0.19574400782585144	-0.1435052752494812	-0.33924928307533264
828	0.1957552134990692	-0.14348286390304565	-0.33923807740211487
829	0.19573090970516205	-0.14353147149085999	-0.33926238119602203
830	0.1957174390554428	-0.14355841279029846	-0.33927585184574127
831	0.1957242488861084	-0.14354479312896729	-0.3392690420150757
832	0.19572432339191437	-0.14354464411735535	-0.3392689675092697
833	0.19572551548480988	-0.14354225993156433	-0.3392677754163742
834	0.19569672644138336	-0.14359983801841736	-0.3392965644598007
835	0.19569990038871765	-0.14359349012374878	-0.33929339051246643
836	0.1957060694694519	-0.14358115196228027	-0.3392872214317322
837	0.19568581879138947	-0.14362165331840515	-0.3393074721097946
838	0.19568969309329987	-0.14361390471458435	-0.3393035978078842
839	0.19567492604255676	-0.14364343881607056	-0.3393183648586273
840	0.19565372169017792	-0.14368584752082825	-0.33933956921100616
841	0.19566625356674194	-0.1436607837677002	-0.33932703733444214
842	0.19567406177520752	-0.14364516735076904	-0.33931922912597656
843	0.195638507604599	-0.14371627569198608	-0.3393547832965851
844	0.19563564658164978	-0.14372199773788452	-0.3393576443195343
845	0.1956329345703125	-0.14372742176055908	-0.3393603563308716
846	0.19563621282577515	-0.1437208652496338	-0.33935707807540894
847	0.19560757279396057	-0.14377814531326294	-0.3393857181072235
848	0.19561369717121124	-0.1437658965587616	-0.33937959372997284
849	0.1956196129322052	-0.14375406503677368	-0.3393736779689789
850	0.19560086727142334	-0.1437915563583374	-0.33939242362976074
851	0.19558781385421753	-0.14381766319274902	-0.33940547704696655
852	0.19559697806835175	-0.1437993347644806	-0.33939631283283234
853	0.1955973356962204	-0.1437986195087433	-0.3393959552049637
854	0.19560107588768005	-0.14379113912582397	-0.33939221501350403
855	0.19557347893714905	-0.143846333026886	-0.33941981196403503
856	0.1955740749835968	-0.14384514093399048	-0.3394192159175873
857	0.19557811319828033	-0.1438370645046234	-0.33941517770290375
858	0.1955762654542923	-0.1438407599925995	-0.3394170254468918
859	0.1955750435590744	-0.14384320378303528	-0.3394182473421097
860	0.19557057321071625	-0.1438521444797516	-0.33942271769046783
861	0.19554558396339417	-0.14390212297439575	-0.3394477069377899
862	0.19555746018886566	-0.14387837052345276	-0.3394358307123184
863	0.19555984437465668	-0.14387360215187073	-0.3394334465265274
864	0.19555996358394623	-0.14387336373329163	-0.33943332731723785
865	0.1955612599849701	-0.1438707709312439	-0.339432030916214
866	0.19553270936012268	-0.14392787218093872	-0.3394605815410614
867	0.1955244541168213	-0.1439443826675415	-0.3394688367843628
868	0.1955375373363495	-0.1439182162284851	-0.3394557535648346
869	0.1955045610666275	-0.14398416876792908	-0.3394887298345566
870	0.19551301002502441	-0.14396727085113525	-0.33948028087615967
871	0.19551509618759155	-0.14396309852600098	-0.33947819471359253
872	0.19550296664237976	-0.14398735761642456	-0.3394903242588043
873	0.19548915326595306	-0.14401498436927795	-0.339504137635231
874	0.1955002248287201	-0.1439928412437439	-0.339493066072464
875	0.19550195336341858	-0.14398938417434692	-0.3394913375377655
876	0.19550755620002747	-0.14397817850112915	-0.3394857347011566
877	0.19548183679580688	-0.1440296173095703	-0.3395114541053772
878	0.19547995924949646	-0.14403337240219116	-0.3395133316516876
879	0.19548392295837402	-0.14402544498443604	-0.33950936794281006
880	0.19548851251602173	-0.14401626586914062	-0.33950477838516235
881	0.1954682320356369	-0.14405682682991028	-0.3395250588655472
882	0.19547300040721893	-0.14404729008674622	-0.33952029049396515
883	0.19548119604587555	-0.14403089880943298	-0.33951209485530853
884	0.19548732042312622	-0.14401865005493164	-0.33950597047805786
885	0.19546754658222198	-0.1440581977367401	-0.3395257443189621
886	0.1954837590456009	-0.1440257728099823	-0.3395095318555832
887	0.19545510411262512	-0.14408308267593384	-0.33953818678855896
888	0.19545099139213562	-0.14409130811691284	-0.33954229950904846
889	0.19545869529247284	-0.1440759003162384	-0.33953459560871124
890	0.1954331398010254	-0.1441270112991333	-0.3395601511001587
891	0.1954435408115387	-0.1441062092781067	-0.3395497500896454
892	0.19544461369514465	-0.14410406351089478	-0.33954867720603943
893	0.19543009996414185	-0.1441330909729004	-0.33956319093704224
894	0.1954209953546524	-0.14415130019187927	-0.3395722955465317
895	0.1954314261674881	-0.14413043856620789	-0.339561864733696
896	0.19543370604515076	-0.14412587881088257	-0.3395595848560333
897	0.19543637335300446	-0.14412054419517517	-0.3395569175481796
898	0.19541586935520172	-0.14416155219078064	-0.33957742154598236
899	0.19541169703006744	-0.1441698968410492	-0.33958159387111664
900	0.19541887938976288	-0.14415553212165833	-0.3395744115114212
901	0.19541853666305542	-0.14415621757507324	-0.33957475423812866
902	0.19540360569953918	-0.1441860795021057	-0.3395896852016449
903	0.19541077315807343	-0.14417174458503723	-0.33958251774311066
904	0.19541124999523163	-0.14417079091072083	-0.33958204090595245
905	0.19541406631469727	-0.14416515827178955	-0.3395792245864868
906	0.19542279839515686	-0.14414769411087036	-0.3395704925060272
907	0.1954251378774643	-0.1441430151462555	-0.3395681530237198
908	0.19540587067604065	-0.14418154954910278	-0.33958742022514343
909	0.1954193264245987	-0.1441546380519867	-0.3395739644765854
910	0.1954241693019867	-0.1441449522972107	-0.3395691215991974
911	0.19542701542377472	-0.14413926005363464	-0.33956627547740936
912	0.19542701542377472	-0.14413926005363464	-0.33956627547740936
913	0.1953997015953064	-0.1441938877105713	-0.3395935893058777
914	0.1954030692577362	-0.14418715238571167	-0.3395902216434479
915	0.1954113394021988	-0.1441706120967865	-0.3395819514989853
916	0.19541926681995392	-0.14415475726127625	-0.33957402408123016
917	0.19539126753807068	-0.14421075582504272	-0.3396020233631134
918	0.1953982412815094	-0.14419680833816528	-0.3395950496196747
919	0.19541841745376587	-0.14415645599365234	-0.3395748734474182
920	0.19541841745376587	-0.14415645599365234	-0.3395748734474182
921	0.19541841745376587	-0.14415645599365234	-0.3395748734474182
922	0.19541841745376587	-0.14415645599365234	-0.3395748734474182
923	0.19541841745376587	-0.14415645599365234	-0.3395748734474182
924	0.1954040676355362	-0.1441851556301117	-0.3395892232656479
925	0.19540224969387054	-0.144188791513443	-0.33959104120731354
926	0.19540677964687347	-0.14417973160743713	-0.3395865112543106
927	0.19540958106517792	-0.14417412877082825	-0.33958370983600616
928	0.19541841745376587	-0.14415645599365234	-0.3395748734474182
929	0.19541841745376587	-0.14415645599365234	-0.3395748734474182
930	0.19541841745376587	-0.14415645599365234	-0.3395748734474182
931	0.19538520276546478	-0.14422288537025452	-0.3396080881357193
932	0.19539208710193634	-0.1442091166973114	-0.33960120379924774
933	0.1954132467508316	-0.14416679739952087	-0.3395800441503525
934	0.1953936219215393	-0.14420604705810547	-0.3395996689796448
935	0.1953970342874527	-0.1441992223262787	-0.3395962566137314
936	0.19540520012378693	-0.14418289065361023	-0.33958809077739716
937	0.19540753960609436	-0.14417821168899536	-0.3395857512950897
938	0.1954137682914734	-0.1441657543182373	-0.3395795226097107
939	0.19541405141353607	-0.14416518807411194	-0.339579239487648
940	0.19541512429714203	-0.14416304230690002	-0.33957816660404205
941	0.19540686905384064	-0.1441795527935028	-0.33958642184734344
942	0.19541703164577484	-0.1441592276096344	-0.33957625925540924
943	0.1953987181186676	-0.14419585466384888	-0.3395945727825165
944	0.19541636109352112	-0.14416056871414185	-0.33957692980766296
945	0.19541841745376587	-0.14415645599365234	-0.3395748734474182
946	0.19541841745376587	-0.14415645599365234	-0.3395748734474182
947	0.19541841745376587	-0.14415645599365234	-0.3395748734474182
948	0.19541841745376587	-0.14415645599365234	-0.3395748734474182
949	0.19541841745376587	-0.14415645599365234	-0.3395748734474182
950	0.19541841745376587	-0.14415645599365234	-0.3395748734474182
951	0.19541841745376587	-0.14415645599365234	-0.3395748734474182
952	0.19541841745376587	-0.14415645599365234	-0.3395748734474182
953	0.19541841745376587	-0.14415645599365234	-0.3395748734474182
954	0.19541841745376587	-0.14415645599365234	-0.3395748734474182
955	0.19541841745376587	-0.14415645599365234	-0.3395748734474182
956	0.19541841745376587	-0.14415645599365234	-0.3395748734474182
957	0.19541841745376587	-0.14415645599365234	-0.3395748734474182
958	0.19541841745376587	-0.14415645599365234	-0.3395748734474182
959	0.19541841745376587	-0.14415645599365234	-0.3395748734474182
960	0.19541841745376587	-0.14415645599365234	-0.3395748734474182
961	0.19541841745376587	-0.14415645599365234	-0.3395748734474182
962	0.19541841745376587	-0.14415645599365234	-0.3395748734474182
963	0.19541841745376587	-0.14415645599365234	-0.3395748734474182
964	0.19541841745376587	-0.14415645599365234	-0.3395748734474182
965	0.19541841745376587	-0.14415645599365234	-0.3395748734474182
966	0.19541841745376587	-0.14415645599365234	-0.3395748734474182
967	0.19541841745376587	-0.14415645599365234	-0.3395748734474182
968	0.19540810585021973	-0.14417707920074463	-0.33958518505096436
969	0.19541552662849426	-0.14416223764419556	-0.3395777642726898
970	0.19541841745376587	-0.14415645599365234	-0.3395748734474182
971	0.19541841745376587	-0.14415645599365234	-0.3395748734474182
972	0.19541841745376587	-0.14415645599365234	-0.3395748734474182
973	0.19541841745376587	-0.14415645599365234	-0.3395748734474182
974	0.19541841745376587	-0.14415645599365234	-0.3395748734474182
975	0.19541841745376587	-0.14415645599365234	-0.3395748734474182
976	0.19541841745376587	-0.14415645599365234	-0.3395748734474182
977	0.19541841745376587	-0.14415645599365234	-0.3395748734474182
978	0.19541841745376587	-0.14415645599365234	-0.3395748734474182
979	0.19541841745376587	-0.14415645599365234	-0.3395748734474182
980	0.1954043209552765	-0.1441846489906311	-0.3395889699459076
981	0.19540928304195404	-0.144174724817276	-0.33958400785923004
982	0.19541841745376587	-0.14415645599365234	-0.3395748734474182
983	0.19541841745376587	-0.14415645599365234	-0.3395748734474182
984	0.19541841745376587	-0.14415645599365234	-0.3395748734474182
985	0.19541841745376587	-0.14415645599365234	-0.3395748734474182
986	0.19541841745376587	-0.14415645599365234	-0.3395748734474182
987	0.19541841745376587	-0.14415645599365234	-0.3395748734474182
988	0.19541841745376587	-0.14415645599365234	-0.3395748734474182
989	0.19541841745376587	-0.14415645599365234	-0.3395748734474182
990	0.19541841745376587	-0.14415645599365234	-0.3395748734474182
991	0.19541841745376587	-0.14415645599365234	-0.3395748734474182
992	0.19541841745376587	-0.14415645599365234	-0.3395748734474182
993	0.19541841745376587	-0.14415645599365234	-0.3395748734474182
994	0.19541841745376587	-0.14415645599365234	-0.3395748734474182
995	0.19541841745376587	-0.14415645599365234	-0.3395748734474182
996	0.19541841745376587	-0.14415645599365234	-0.3395748734474182
997	0.19541841745376587	-0.14415645599365234	-0.3395748734474182
998	0.19541841745376587	-0.14415645599365234	-0.3395748734474182
999	0.19541841745376587	-0.14415645599365234	-0.3395748734474182
1000	0.19541841745376587	-0.14415645599365234	-0.3395748734474182

Best Loss: 0.19538520276546478

Training Time (seconds): 266.71938580000005
