Iteration	Loss (h)	Total Cost (f)	Cost g
1	0.584575355052948	0.584575355052948	0
2	0.5412116646766663	0.4978479743003845	-0.04336369037628174
3	0.5149153470993042	0.4452553391456604	-0.0696600079536438
4	0.5077149271965027	0.4308544993400574	-0.07686042785644531
5	0.4916621148586273	0.39874887466430664	-0.09291324019432068
6	0.48329299688339233	0.38201063871383667	-0.10128235816955566
7	0.4767993986606598	0.3690234422683716	-0.10777595639228821
8	0.4653645157814026	0.3461536765098572	-0.11921083927154541
9	0.4612540006637573	0.33793264627456665	-0.12332135438919067
10	0.4584973156452179	0.3324192762374878	-0.1260780394077301
11	0.4455432593822479	0.30651116371154785	-0.13903209567070007
12	0.44336047768592834	0.3021456003189087	-0.14121487736701965
13	0.4392874836921692	0.2939996123313904	-0.1452878713607788
14	0.43263131380081177	0.28068727254867554	-0.15194404125213623
15	0.4310242235660553	0.2774730920791626	-0.1535511314868927
16	0.42927470803260803	0.27397406101226807	-0.15530064702033997
17	0.4283004403114319	0.27202552556991577	-0.1562749147415161
18	0.4263668954372406	0.2681584358215332	-0.1582084596157074
19	0.4254787564277649	0.2663821578025818	-0.1590965986251831
20	0.42438653111457825	0.2641977071762085	-0.16018882393836975
21	0.42304396629333496	0.2615125775337219	-0.16153138875961304
22	0.4222913980484009	0.26000744104385376	-0.16228395700454712
23	0.42095258831977844	0.2573298215866089	-0.16362276673316956
24	0.42016956210136414	0.2557637691497803	-0.16440579295158386
25	0.4192710518836975	0.253966748714447	-0.1653043031692505
26	0.4181327819824219	0.25169020891189575	-0.16644257307052612
27	0.4171329140663147	0.2496904730796814	-0.1674424409866333
28	0.4161498248577118	0.24772429466247559	-0.1684255301952362
29	0.4153633415699005	0.24615132808685303	-0.16921201348304749
30	0.4147029519081116	0.24483054876327515	-0.16987240314483643
31	0.41408368945121765	0.2435920238494873	-0.17049166560173035
32	0.41349467635154724	0.24241399765014648	-0.17108067870140076
33	0.4129241704940796	0.24127298593521118	-0.1716511845588684
34	0.4123731255531311	0.2401708960533142	-0.1722022294998169
35	0.4117143452167511	0.2388533353805542	-0.1728610098361969
36	0.41091758012771606	0.23725980520248413	-0.17365777492523193
37	0.41002923250198364	0.2354831099510193	-0.17454612255096436
38	0.4090965688228607	0.23361778259277344	-0.17547878623008728
39	0.40810897946357727	0.23164260387420654	-0.17646637558937073
40	0.40691688656806946	0.22925841808319092	-0.17765846848487854
41	0.4056895673274994	0.22680377960205078	-0.1788857877254486
42	0.4039776623249054	0.2233799695968628	-0.1805976927280426
43	0.40226972103118896	0.21996408700942993	-0.18230563402175903
44	0.4009841978549957	0.21739304065704346	-0.18359115719795227
45	0.399985134601593	0.21539491415023804	-0.18459022045135498
46	0.39900001883506775	0.2134246826171875	-0.18557533621788025
47	0.3983370363712311	0.21209871768951416	-0.18623831868171692
48	0.39770013093948364	0.2108249068260193	-0.18687522411346436
49	0.3970634341239929	0.20955151319503784	-0.18751192092895508
50	0.3963983654975891	0.20822137594223022	-0.1881769895553589
51	0.3957875072956085	0.20699965953826904	-0.18878784775733948
52	0.39522406458854675	0.2058727741241455	-0.18935129046440125
53	0.3946983218193054	0.20482128858566284	-0.18987703323364258
54	0.3942233920097351	0.20387142896652222	-0.1903519630432129
55	0.39375707507133484	0.20293879508972168	-0.19081827998161316
56	0.3933010697364807	0.20202678442001343	-0.19127428531646729
57	0.39288148283958435	0.2011876106262207	-0.19169387221336365
58	0.39224910736083984	0.1999228596687317	-0.19232624769210815
59	0.39171668887138367	0.19885802268981934	-0.19285866618156433
60	0.3912425637245178	0.19790977239608765	-0.19333279132843018
61	0.3908238410949707	0.1970723271369934	-0.1937515139579773
62	0.39042311906814575	0.1962708830833435	-0.19415223598480225
63	0.3900705873966217	0.1955658197402954	-0.1945047676563263
64	0.3897351920604706	0.19489502906799316	-0.19484016299247742
65	0.38931310176849365	0.1940508484840393	-0.19526225328445435
66	0.38830581307411194	0.19203627109527588	-0.19626954197883606
67	0.3871990442276001	0.1898227334022522	-0.1973763108253479
68	0.3867166042327881	0.18885785341262817	-0.1978587508201599
69	0.3862815797328949	0.1879878044128418	-0.1982937753200531
70	0.38574954867362976	0.18692374229431152	-0.19882580637931824
71	0.3852613568305969	0.18594735860824585	-0.19931399822235107
72	0.38481733202934265	0.1850593090057373	-0.19975802302360535
73	0.3844183385372162	0.18426132202148438	-0.2001570165157318
74	0.3840605914592743	0.18354582786560059	-0.2005147635936737
75	0.38373658061027527	0.18289780616760254	-0.20083877444267273
76	0.3834283649921417	0.18228137493133545	-0.20114699006080627
77	0.3831360638141632	0.18169677257537842	-0.2014392912387848
78	0.38285031914711	0.18112528324127197	-0.201725035905838
79	0.38213884830474854	0.17970234155654907	-0.20243650674819946
80	0.3811379671096802	0.17770057916641235	-0.20343738794326782
81	0.38070645928382874	0.17683756351470947	-0.20386889576911926
82	0.38031497597694397	0.17605459690093994	-0.20426037907600403
83	0.37990620732307434	0.17523705959320068	-0.20466914772987366
84	0.37946486473083496	0.17435437440872192	-0.20511049032211304
85	0.3790615200996399	0.1735476851463318	-0.2055138349533081
86	0.3786936402320862	0.17281192541122437	-0.20588171482086182
87	0.37835806608200073	0.17214077711105347	-0.20621728897094727
88	0.37805336713790894	0.17153137922286987	-0.20652198791503906
89	0.3777720332145691	0.17096871137619019	-0.2068033218383789
90	0.3775081932544708	0.17044103145599365	-0.20706716179847717
91	0.3772720396518707	0.16996872425079346	-0.20730331540107727
92	0.3770226538181305	0.169469952583313	-0.2075527012348175
93	0.3765568733215332	0.1685383915901184	-0.2080184817314148
94	0.37628793716430664	0.16800051927566528	-0.20828741788864136
95	0.3760429620742798	0.16751056909561157	-0.2085323929786682
96	0.3757765591144562	0.16697776317596436	-0.20879879593849182
97	0.37547892332077026	0.16638249158859253	-0.20909643173217773
98	0.37460729479789734	0.16463923454284668	-0.20996806025505066
99	0.37405309081077576	0.16353082656860352	-0.21052226424217224
100	0.37335243821144104	0.16212952136993408	-0.21122291684150696
101	0.37257781624794006	0.16058027744293213	-0.21199753880500793
102	0.3720386326313019	0.15950191020965576	-0.21253672242164612
103	0.3715363144874573	0.15849727392196655	-0.21303904056549072
104	0.37096184492111206	0.15734833478927612	-0.21361351013183594
105	0.3703558146953583	0.15613627433776855	-0.21421954035758972
106	0.3699999153614044	0.15542447566986084	-0.21457543969154358
107	0.36962181329727173	0.15466827154159546	-0.21495354175567627
108	0.36926892399787903	0.15396249294281006	-0.21530643105506897
109	0.368956595659256	0.15333783626556396	-0.21561875939369202
110	0.3686826229095459	0.1527898907661438	-0.2158927321434021
111	0.36840716004371643	0.15223896503448486	-0.21616819500923157
112	0.3680051565170288	0.15143495798110962	-0.2165701985359192
113	0.36721011996269226	0.14984488487243652	-0.21736523509025574
114	0.3669859766960144	0.1493965983390808	-0.2175893783569336
115	0.36678069829940796	0.14898604154586792	-0.21779465675354004
116	0.3665974736213684	0.14861959218978882	-0.2179778814315796
117	0.36642101407051086	0.14826667308807373	-0.21815434098243713
118	0.3661220073699951	0.14766865968704224	-0.21845334768295288
119	0.3654727041721344	0.1463700532913208	-0.2191026508808136
120	0.36526232957839966	0.14594930410385132	-0.21931302547454834
121	0.36504289507865906	0.14551043510437012	-0.21953245997428894
122	0.3645622730255127	0.1445491909980774	-0.2200130820274353
123	0.36422309279441833	0.14387083053588867	-0.22035226225852966
124	0.36372411251068115	0.1428728699684143	-0.22085124254226685
125	0.36347973346710205	0.1423841118812561	-0.22109562158584595
126	0.3632616102695465	0.14194786548614502	-0.2213137447834015
127	0.36306458711624146	0.1415538191795349	-0.22151076793670654
128	0.36288562417030334	0.1411958932876587	-0.22168973088264465
129	0.3626643717288971	0.1407533884048462	-0.2219109833240509
130	0.36241650581359863	0.14025765657424927	-0.22215884923934937
131	0.3619388937950134	0.13930243253707886	-0.22263646125793457
132	0.36173686385154724	0.13889837265014648	-0.22283849120140076
133	0.36154720187187195	0.1385190486907959	-0.22302815318107605
134	0.361359179019928	0.13814300298690796	-0.22321617603302002
135	0.3608676791191101	0.13716000318527222	-0.2237076759338379
136	0.36052849888801575	0.1364816427230835	-0.22404685616493225
137	0.36007213592529297	0.13556891679763794	-0.22450321912765503
138	0.3595903515815735	0.13460534811019897	-0.2249850034713745
139	0.35909348726272583	0.13361161947250366	-0.22548186779022217
140	0.35885894298553467	0.13314253091812134	-0.22571641206741333
141	0.3583678603172302	0.13216036558151245	-0.22620749473571777
142	0.35809704661369324	0.13161873817443848	-0.22647830843925476
143	0.35788947343826294	0.13120359182357788	-0.22668588161468506
144	0.35769233107566833	0.13080930709838867	-0.22688302397727966
145	0.35746240615844727	0.13034945726394653	-0.22711294889450073
146	0.3572686016559601	0.12996184825897217	-0.22730675339698792
147	0.3568192720413208	0.1290631890296936	-0.2277560830116272
148	0.3566405475139618	0.12870573997497559	-0.2279348075389862
149	0.3565014898777008	0.1284276247024536	-0.2280738651752472
150	0.3563723862171173	0.12816941738128662	-0.2282029688358307
151	0.3561653792858124	0.12775540351867676	-0.22840997576713562
152	0.3559933304786682	0.12741130590438843	-0.22858202457427979
153	0.35552212595939636	0.12646889686584473	-0.22905322909355164
154	0.3554111421108246	0.12624692916870117	-0.2291642129421234
155	0.3552258014678955	0.12587624788284302	-0.2293495535850525
156	0.3549366295337677	0.1252979040145874	-0.2296387255191803
157	0.35480281710624695	0.1250302791595459	-0.22977253794670105
158	0.35468220710754395	0.12478905916213989	-0.22989314794540405
159	0.3544115722179413	0.12424778938293457	-0.2301637828350067
160	0.3541302978992462	0.12368524074554443	-0.23044505715370178
161	0.353814035654068	0.12305271625518799	-0.23076131939888
162	0.35357335209846497	0.12257134914398193	-0.23100200295448303
163	0.35333698987960815	0.12209862470626831	-0.23123836517333984
164	0.352947473526001	0.12131959199905396	-0.23162788152694702
165	0.3524424135684967	0.12030947208404541	-0.2321329414844513
166	0.35027775168418884	0.11598014831542969	-0.23429760336875916
167	0.34817856550216675	0.1117817759513855	-0.23639678955078125
168	0.34765276312828064	0.11073017120361328	-0.23692259192466736
169	0.3466479480266571	0.10872054100036621	-0.2379274070262909
170	0.34380319714546204	0.10303103923797607	-0.24077215790748596
171	0.34315821528434753	0.10174107551574707	-0.24141713976860046
172	0.3423919677734375	0.100208580493927	-0.2421833872795105
173	0.3406502306461334	0.09672510623931885	-0.24392512440681458
174	0.3402663767337799	0.09595739841461182	-0.2443089783191681
175	0.3399127721786499	0.0952501893043518	-0.2446625828742981
176	0.3374834954738617	0.09039163589477539	-0.2470918595790863
177	0.33604446053504944	0.08751356601715088	-0.24853089451789856
178	0.3355250954627991	0.08647483587265015	-0.24905025959014893
179	0.33455416560173035	0.0845329761505127	-0.25002118945121765
180	0.3337568938732147	0.08293843269348145	-0.2508184611797333
181	0.3332841694355011	0.0819929838180542	-0.2512911856174469
182	0.3306686282157898	0.07676190137863159	-0.2539067268371582
183	0.3294386863708496	0.07430201768875122	-0.2551366686820984
184	0.3285890221595764	0.07260268926620483	-0.2559863328933716
185	0.3265591263771057	0.06854289770126343	-0.2580162286758423
186	0.32551515102386475	0.0664549469947815	-0.25906020402908325
187	0.32465478777885437	0.06473422050476074	-0.25992056727409363
188	0.3229639530181885	0.061352550983428955	-0.2616114020347595
189	0.32201728224754333	0.05945920944213867	-0.26255807280540466
190	0.32111218571662903	0.05764901638031006	-0.26346316933631897
191	0.3206406533718109	0.05670595169067383	-0.2639347016811371
192	0.31919655203819275	0.0538177490234375	-0.26537880301475525
193	0.31835252046585083	0.05212968587875366	-0.26622283458709717
194	0.3175281286239624	0.05048090219497681	-0.2670472264289856
195	0.3164564371109009	0.04833751916885376	-0.2681189179420471
196	0.3156439960002899	0.046712636947631836	-0.2689313590526581
197	0.31492623686790466	0.04527711868286133	-0.26964911818504333
198	0.31427621841430664	0.04397708177566528	-0.27029913663864136
199	0.3134770095348358	0.04237866401672363	-0.2710983455181122
200	0.31229618191719055	0.040017008781433105	-0.27227917313575745
201	0.3114089369773865	0.03824251890182495	-0.2731664180755615
202	0.31061655282974243	0.036657750606536865	-0.27395880222320557
203	0.31009146571159363	0.03560757637023926	-0.27448388934135437
204	0.3095744848251343	0.03457361459732056	-0.2750008702278137
205	0.3084048628807068	0.032234370708465576	-0.2761704921722412
206	0.30754396319389343	0.030512571334838867	-0.27703139185905457
207	0.3067190945148468	0.028862833976745605	-0.2778562605381012
208	0.3060706853866577	0.02756601572036743	-0.2785046696662903
209	0.3055747151374817	0.02657407522201538	-0.2790006399154663
210	0.30484068393707275	0.02510601282119751	-0.27973467111587524
211	0.3038686513900757	0.02316194772720337	-0.2807067036628723
212	0.3030659854412079	0.021556615829467773	-0.2815093696117401
213	0.3023386597633362	0.020101964473724365	-0.2822366952896118
214	0.3017898499965668	0.019004344940185547	-0.2827855050563812
215	0.30119505524635315	0.0178147554397583	-0.28338029980659485
216	0.30026134848594666	0.015947341918945312	-0.28431400656700134
217	0.2994271218776703	0.014278888702392578	-0.2851482331752777
218	0.2987402379512787	0.012905120849609375	-0.2858351171016693
219	0.29801759123802185	0.011459827423095703	-0.28655776381492615
220	0.2974553108215332	0.010335266590118408	-0.2871200442314148
221	0.2969604432582855	0.009345531463623047	-0.2876149117946625
222	0.295932799577713	0.007290244102478027	-0.288642555475235
223	0.29506632685661316	0.00555729866027832	-0.28950902819633484
224	0.2942714989185333	0.003967642784118652	-0.2903038561344147
225	0.29349860548973083	0.002421855926513672	-0.29107674956321716
226	0.2928120195865631	0.0010486841201782227	-0.2917633354663849
227	0.29223883152008057	-9.769201278686523e-05	-0.29233652353286743
228	0.29151928424835205	-0.0015367865562438965	-0.29305607080459595
229	0.2905060946941376	-0.0035631656646728516	-0.2940692603588104
230	0.28956183791160583	-0.005451679229736328	-0.29501351714134216
231	0.28879642486572266	-0.0069825053215026855	-0.29577893018722534
232	0.28814497590065	-0.00828540325164795	-0.296430379152298
233	0.2874895930290222	-0.009596168994903564	-0.2970857620239258
234	0.2868521213531494	-0.01087111234664917	-0.2977232336997986
235	0.28630849719047546	-0.01195836067199707	-0.29826685786247253
236	0.2854449152946472	-0.013685524463653564	-0.2991304397583008
237	0.2842428684234619	-0.01608961820602417	-0.3003324866294861
238	0.28320011496543884	-0.018175125122070312	-0.30137524008750916
239	0.2822238802909851	-0.020127594470977783	-0.3023514747619629
240	0.2812659740447998	-0.02204340696334839	-0.3033093810081482
241	0.2804608941078186	-0.02365356683731079	-0.3041144609451294
242	0.2791246473789215	-0.02632606029510498	-0.3054507076740265
243	0.2782081067562103	-0.028159141540527344	-0.30636724829673767
244	0.2772005498409271	-0.03017425537109375	-0.3073748052120209
245	0.27645349502563477	-0.03166836500167847	-0.30812186002731323
246	0.2752610743045807	-0.03405320644378662	-0.3093142807483673
247	0.2743184268474579	-0.03593850135803223	-0.3102569282054901
248	0.27360567450523376	-0.03736400604248047	-0.31096968054771423
249	0.2724209725856781	-0.0397334098815918	-0.3121543824672699
250	0.2713426649570465	-0.04189002513885498	-0.3132326900959015
251	0.27042701840400696	-0.04372131824493408	-0.31414833664894104
252	0.26955851912498474	-0.045458316802978516	-0.31501683592796326
253	0.2688501477241516	-0.046875059604644775	-0.3157252073287964
254	0.26815590262413025	-0.0482635498046875	-0.31641945242881775
255	0.2671218812465668	-0.05033159255981445	-0.3174534738063812
256	0.2661837935447693	-0.052207767963409424	-0.3183915615081787
257	0.26533642411231995	-0.053902506828308105	-0.31923893094062805
258	0.26451754570007324	-0.055540263652801514	-0.32005780935287476
259	0.26371511816978455	-0.057145118713378906	-0.32086023688316345
260	0.26301395893096924	-0.05854743719100952	-0.32156139612197876
261	0.26218757033348083	-0.06020021438598633	-0.32238778471946716
262	0.2611469626426697	-0.06228142976760864	-0.3234283924102783
263	0.2603971064090729	-0.06378114223480225	-0.3241782486438751
264	0.2594919800758362	-0.06559139490127563	-0.3250833749771118
265	0.2585553526878357	-0.06746464967727661	-0.3260200023651123
266	0.2577058672904968	-0.06916362047195435	-0.32686948776245117
267	0.2569160461425781	-0.07074326276779175	-0.3276593089103699
268	0.2562568187713623	-0.07206171751022339	-0.3283185362815857
269	0.25561922788619995	-0.0733368992805481	-0.32895612716674805
270	0.25500157475471497	-0.07457220554351807	-0.32957378029823303
271	0.2540910243988037	-0.07639330625534058	-0.3304843306541443
272	0.2530669569969177	-0.07844144105911255	-0.3315083980560303
273	0.2522333860397339	-0.08010858297348022	-0.3323419690132141
274	0.2514660358428955	-0.08164328336715698	-0.3331093192100525
275	0.2506283223628998	-0.08331871032714844	-0.3339470326900482
276	0.24985851347446442	-0.08485832810401917	-0.3347168415784836
277	0.2491312325000763	-0.08631289005279541	-0.3354441225528717
278	0.24841587245464325	-0.0877436101436615	-0.33615948259830475
279	0.24781060218811035	-0.0889541506767273	-0.33676475286483765
280	0.24699518084526062	-0.09058499336242676	-0.3375801742076874
281	0.24600331485271454	-0.09256872534751892	-0.33857204020023346
282	0.2451382875442505	-0.09429877996444702	-0.3394370675086975
283	0.24438738822937012	-0.09580057859420776	-0.3401879668235779
284	0.24363447725772858	-0.09730640053749084	-0.3409408777952194
285	0.2428792417049408	-0.0988168716430664	-0.3416961133480072
286	0.24218982458114624	-0.10019570589065552	-0.34238553047180176
287	0.24155254662036896	-0.10147026181221008	-0.34302280843257904
288	0.2408246248960495	-0.102926105260849	-0.3437507301568985
289	0.23985980451107025	-0.1048557460308075	-0.34471555054187775
290	0.23905950784683228	-0.10645633935928345	-0.3455158472061157
291	0.23827151954174042	-0.10803231596946716	-0.3463038355112076
292	0.2375340759754181	-0.10950720310211182	-0.3470412790775299
293	0.23684464395046234	-0.11088606715202332	-0.34773071110248566
294	0.23622530698776245	-0.1121247410774231	-0.34835004806518555
295	0.2354533076286316	-0.11366873979568481	-0.3491220474243164
296	0.23433560132980347	-0.11590415239334106	-0.35023975372314453
297	0.2335723340511322	-0.1174306869506836	-0.3510030210018158
298	0.2324569821357727	-0.11966139078140259	-0.3521183729171753
299	0.23149679601192474	-0.12158176302909851	-0.35307855904102325
300	0.23065347969532013	-0.12326839566230774	-0.35392187535762787
301	0.229880690574646	-0.124813973903656	-0.354694664478302
302	0.2289223074913025	-0.12673074007034302	-0.3556530475616455
303	0.22787217795848846	-0.12883099913597107	-0.35670317709445953
304	0.2268676459789276	-0.13084006309509277	-0.3577077090740204
305	0.2260589301586151	-0.13245749473571777	-0.3585164248943329
306	0.22539778053760529	-0.13377979397773743	-0.3591775745153427
307	0.22459980845451355	-0.1353757381439209	-0.35997554659843445
308	0.22368861734867096	-0.13719812035560608	-0.36088673770427704
309	0.22287358343601227	-0.13882818818092346	-0.36170177161693573
310	0.22211474180221558	-0.14034587144851685	-0.3624606132507324
311	0.22136834263801575	-0.1418386697769165	-0.36320701241493225
312	0.2206714004278183	-0.1432325541973114	-0.3639039546251297
313	0.22001251578330994	-0.14455032348632812	-0.36456283926963806
314	0.2193981409072876	-0.1457790732383728	-0.3651772141456604
315	0.21864083409309387	-0.14729368686676025	-0.3659345209598541
316	0.21742811799049377	-0.14971911907196045	-0.3671472370624542
317	0.21672485768795013	-0.15112563967704773	-0.36785049736499786
318	0.21609073877334595	-0.1523938775062561	-0.36848461627960205
319	0.21511442959308624	-0.1543464958667755	-0.36946092545986176
320	0.21432539820671082	-0.15592455863952637	-0.3702499568462372
321	0.21356679499149323	-0.15744176506996155	-0.3710085600614548
322	0.21287468075752258	-0.15882599353790283	-0.3717006742954254
323	0.21221938729286194	-0.16013658046722412	-0.37235596776008606
324	0.2115664780139923	-0.16144239902496338	-0.3730088770389557
325	0.21091987192630768	-0.16273561120033264	-0.3736554831266403
326	0.2103738933801651	-0.1638275682926178	-0.3742014616727829
327	0.2096220701932907	-0.16533121466636658	-0.3749532848596573
328	0.20876917243003845	-0.1670370101928711	-0.37580618262290955
329	0.20798195898532867	-0.16861143708229065	-0.3765933960676193
330	0.20732159912586212	-0.16993215680122375	-0.3772537559270859
331	0.2065275013446808	-0.17152035236358643	-0.3780478537082672
332	0.20589014887809753	-0.17279505729675293	-0.37868520617485046
333	0.20533813536167145	-0.1738990843296051	-0.37923721969127655
334	0.2047886848449707	-0.1749979853630066	-0.3797866702079773
335	0.20419205725193024	-0.17619124054908752	-0.38038329780101776
336	0.20338597893714905	-0.1778033971786499	-0.38118937611579895
337	0.20270027220249176	-0.17917481064796448	-0.38187508285045624
338	0.20194566249847412	-0.18068403005599976	-0.3826296925544739
339	0.2012377232313156	-0.18209990859031677	-0.3833376318216324
340	0.20056705176830292	-0.18344125151634216	-0.3840083032846451
341	0.19993121922016144	-0.18471291661262512	-0.38464413583278656
342	0.19937708973884583	-0.18582117557525635	-0.3851982653141022
343	0.19878984987735748	-0.18699565529823303	-0.3857855051755905
344	0.19808648526668549	-0.18840238451957703	-0.3864888697862625
345	0.19669172167778015	-0.1911919116973877	-0.38788363337516785
346	0.19615201652050018	-0.19227132201194763	-0.3884233385324478
347	0.19563543796539307	-0.19330447912216187	-0.38893991708755493
348	0.19501568377017975	-0.1945439875125885	-0.38955967128276825
349	0.19440892338752747	-0.19575750827789307	-0.39016643166542053
350	0.19351959228515625	-0.1975361704826355	-0.39105576276779175
351	0.19270040094852448	-0.19917455315589905	-0.3918749541044235
352	0.19194461405277252	-0.20068612694740295	-0.3926307410001755
353	0.19095805287361145	-0.2026592493057251	-0.39361730217933655
354	0.19019000232219696	-0.20419535040855408	-0.39438535273075104
355	0.18921329081058502	-0.20614877343177795	-0.395362064242363
356	0.1884370893239975	-0.207701176404953	-0.3961382657289505
357	0.18748924136161804	-0.20959687232971191	-0.39708611369132996
358	0.18670277297496796	-0.21116980910301208	-0.39787258207798004
359	0.18579892814159393	-0.21297749876976013	-0.39877642691135406
360	0.18499325215816498	-0.21458885073661804	-0.399582102894783
361	0.1840924769639969	-0.21639040112495422	-0.4004828780889511
362	0.18325738608837128	-0.21806058287620544	-0.4013179689645767
363	0.18222607672214508	-0.22012320160865784	-0.4023492783308029
364	0.18085631728172302	-0.22286272048950195	-0.403719037771225
365	0.17988821864128113	-0.22479891777038574	-0.40468713641166687
366	0.17883232235908508	-0.22691071033477783	-0.4057430326938629
367	0.17788434028625488	-0.22880667448043823	-0.4066910147666931
368	0.1767631620168686	-0.23104903101921082	-0.4078121930360794
369	0.17591290175914764	-0.2327495515346527	-0.40866245329380035
370	0.17508624494075775	-0.2344028651714325	-0.40948911011219025
371	0.1739150434732437	-0.23674526810646057	-0.4106603115797043
372	0.17302517592906952	-0.23852500319480896	-0.4115501791238785
373	0.1719960719347	-0.24058321118354797	-0.412579283118248
374	0.1710439771413803	-0.24248740077018738	-0.4135313779115677
375	0.17014624178409576	-0.24428287148475647	-0.41442911326885223
376	0.16913342475891113	-0.24630850553512573	-0.41544193029403687
377	0.16836422681808472	-0.24784690141677856	-0.4162111282348633
378	0.16729067265987396	-0.24999400973320007	-0.41728468239307404
379	0.16652143001556396	-0.25153249502182007	-0.41805392503738403
380	0.16551703214645386	-0.2535412907600403	-0.41905832290649414
381	0.1646895855665207	-0.2551961839199066	-0.4198857694864273
382	0.16379627585411072	-0.25698280334472656	-0.4207790791988373
383	0.16291281580924988	-0.25874972343444824	-0.4216625392436981
384	0.16213412582874298	-0.26030710339546204	-0.422441229224205
385	0.16119609773159027	-0.26218315958976746	-0.4233792573213577
386	0.16052944958209991	-0.26351645588874817	-0.4240459054708481
387	0.15953560173511505	-0.2655041515827179	-0.42503975331783295
388	0.15883706510066986	-0.2669012248516083	-0.42573828995227814
389	0.15793539583683014	-0.2687045633792877	-0.42663995921611786
390	0.15718114376068115	-0.2702130675315857	-0.42739421129226685
391	0.15639254450798035	-0.2717902660369873	-0.42818281054496765
392	0.15558747947216034	-0.2734003961086273	-0.42898787558078766
393	0.15480957925319672	-0.27495619654655457	-0.4297657757997513
394	0.15400081872940063	-0.27657371759414673	-0.43057453632354736
395	0.15319465100765228	-0.27818605303764343	-0.4313807040452957
396	0.15246713161468506	-0.2796410918235779	-0.43210822343826294
397	0.1516234427690506	-0.2813284695148468	-0.4329519122838974
398	0.15091557800769806	-0.2827441990375519	-0.43365977704524994
399	0.15028738975524902	-0.28400057554244995	-0.434287965297699
400	0.14968857169151306	-0.2851982116699219	-0.43488678336143494
401	0.14911261200904846	-0.2863501310348511	-0.43546274304389954
402	0.14821255207061768	-0.28815025091171265	-0.4363628029823303
403	0.14758314192295074	-0.2894090712070465	-0.43699221312999725
404	0.14679910242557526	-0.2909771502017975	-0.43777625262737274
405	0.14611440896987915	-0.2923465371131897	-0.43846094608306885
406	0.14544974267482758	-0.29367586970329285	-0.4391256123781204
407	0.1447104513645172	-0.2951544523239136	-0.4398649036884308
408	0.14416007697582245	-0.2962552011013031	-0.44041527807712555
409	0.14337103068828583	-0.29783329367637634	-0.44120432436466217
410	0.14285022020339966	-0.2988749146461487	-0.44172513484954834
411	0.14209133386611938	-0.30039268732070923	-0.4424840211868286
412	0.14151808619499207	-0.30153918266296387	-0.44305726885795593
413	0.14087216556072235	-0.3028310239315033	-0.44370318949222565
414	0.14024882018566132	-0.30407771468162537	-0.4443265348672867
415	0.1397078037261963	-0.3051597476005554	-0.4448675513267517
416	0.13903461396694183	-0.30650612711906433	-0.44554074108600616
417	0.13855193555355072	-0.30747148394584656	-0.4460234194993973
418	0.13797436654567719	-0.30862662196159363	-0.4466009885072708
419	0.1372126191854477	-0.3101501166820526	-0.4473627358675003
420	0.1365971863269806	-0.3113809823989868	-0.4479781687259674
421	0.13603611290454865	-0.3125031292438507	-0.44853924214839935
422	0.1354922503232956	-0.3135908544063568	-0.4490831047296524
423	0.13500846922397614	-0.3145584166049957	-0.44956688582897186
424	0.1344403773546219	-0.3156946003437042	-0.4501349776983261
425	0.13390006124973297	-0.31677523255348206	-0.450675293803215
426	0.13328182697296143	-0.31801170110702515	-0.4512935280799866
427	0.1328299194574356	-0.3189155161380768	-0.4517454355955124
428	0.1324063092470169	-0.3197627365589142	-0.4521690458059311
429	0.13173313438892365	-0.3211090862751007	-0.45284222066402435
430	0.13128559291362762	-0.32200416922569275	-0.4532897621393204
431	0.1307915896177292	-0.3229921758174896	-0.4537837654352188
432	0.13025645911693573	-0.32406243681907654	-0.45431889593601227
433	0.129713237285614	-0.32514888048171997	-0.454862117767334
434	0.1292816698551178	-0.3260120153427124	-0.4552936851978302
435	0.12868987023830414	-0.3271956145763397	-0.45588548481464386
436	0.12829507887363434	-0.3279851973056793	-0.45628027617931366
437	0.12790536880493164	-0.3287646174430847	-0.45666998624801636
438	0.12715698778629303	-0.33026137948036194	-0.45741836726665497
439	0.12677331268787384	-0.3310287296772003	-0.45780204236507416
440	0.12620805203914642	-0.33215925097465515	-0.4583673030138016
441	0.12577682733535767	-0.33302170038223267	-0.45879852771759033
442	0.1253078132867813	-0.3339597284793854	-0.4592675417661667
443	0.12483014911413193	-0.33491505682468414	-0.45974520593881607
444	0.12443842738866806	-0.3356985002756119	-0.46013692766427994
445	0.12394491583108902	-0.33668552339076996	-0.460630439221859
446	0.12327221781015396	-0.3380309194326401	-0.46130313724279404
447	0.12278588861227036	-0.3390035778284073	-0.46178946644067764
448	0.12230388820171356	-0.3399675786495209	-0.46227146685123444
449	0.12187530845403671	-0.3408247381448746	-0.4627000465989113
450	0.12149202823638916	-0.3415912985801697	-0.46308332681655884
451	0.12101113796234131	-0.3425530791282654	-0.4635642170906067
452	0.12064851820468903	-0.34327831864356995	-0.46392683684825897
453	0.12032507359981537	-0.34392520785331726	-0.46425028145313263
454	0.11989429593086243	-0.34478676319122314	-0.46468105912208557
455	0.11950850486755371	-0.3455583453178406	-0.4650668501853943
456	0.11903182417154312	-0.34651170670986176	-0.4655435308814049
457	0.11873481422662735	-0.3471057265996933	-0.46584054082632065
458	0.118214912712574	-0.3481455296278	-0.466360442340374
459	0.11791251599788666	-0.3487503230571747	-0.46666283905506134
460	0.1174381896853447	-0.3496989756822586	-0.4671371653676033
461	0.11709220707416534	-0.3503909409046173	-0.46748314797878265
462	0.11670249700546265	-0.3511703610420227	-0.46787285804748535
463	0.11631201207637787	-0.35195133090019226	-0.46826334297657013
464	0.11598939448595047	-0.35259656608104706	-0.46858596056699753
465	0.11531990021467209	-0.3539355546236038	-0.4692554548382759
466	0.1150226891040802	-0.3545299768447876	-0.4695526659488678
467	0.11469109356403351	-0.355193167924881	-0.4698842614889145
468	0.11433392763137817	-0.35590749979019165	-0.4702414274215698
469	0.11395949870347977	-0.35665635764598846	-0.47061585634946823
470	0.11362898349761963	-0.35731738805770874	-0.47094637155532837
471	0.1131734773516655	-0.358228400349617	-0.4714018777012825
472	0.11277377605438232	-0.35902780294418335	-0.4718015789985657
473	0.1124235987663269	-0.3597281575202942	-0.4721517562866211
474	0.11207979172468185	-0.3604157716035843	-0.47249556332826614
475	0.11177097260951996	-0.3610334098339081	-0.47280438244342804
476	0.11147688329219818	-0.36162158846855164	-0.4730984717607498
477	0.11111098527908325	-0.3623533844947815	-0.47346436977386475
478	0.11077544838190079	-0.3630244582891464	-0.4737999066710472
479	0.11048097163438797	-0.36361341178417206	-0.47409438341856003
480	0.11018913984298706	-0.3641970753669739	-0.47438621520996094
481	0.1096896380186081	-0.3651960790157318	-0.4748857170343399
482	0.10920113325119019	-0.3661730885505676	-0.4753742218017578
483	0.10881581157445908	-0.36694373190402985	-0.4757595434784889
484	0.10843470692634583	-0.36770594120025635	-0.4761406481266022
485	0.10801934450864792	-0.36853666603565216	-0.4765560105443001
486	0.10769380629062653	-0.36918774247169495	-0.47688154876232147
487	0.10723911970853806	-0.3700971156358719	-0.47733623534440994
488	0.10682673007249832	-0.37092189490795135	-0.4777486249804497
489	0.10643927752971649	-0.371696799993515	-0.4781360775232315
490	0.1057562455534935	-0.373062863945961	-0.4788191094994545
491	0.10529650747776031	-0.37398234009742737	-0.4792788475751877
492	0.10480139404535294	-0.3749725669622421	-0.47977396100759506
493	0.1042548194527626	-0.3760657161474228	-0.4803205356001854
494	0.10355228185653687	-0.37747079133987427	-0.48102307319641113
495	0.10304190218448639	-0.3784915506839752	-0.4815334528684616
496	0.10255070775747299	-0.379473939538002	-0.482024647295475
497	0.10212245583534241	-0.3803304433822632	-0.4824528992176056
498	0.10150941461324692	-0.38155652582645416	-0.4830659404397011
499	0.10108615458011627	-0.38240304589271545	-0.4834892004728317
500	0.10067927837371826	-0.3832167983055115	-0.48389607667922974
501	0.10022319853305817	-0.38412895798683167	-0.48435215651988983
502	0.09970201551914215	-0.3851713240146637	-0.48487333953380585
503	0.09935785830020905	-0.3858596384525299	-0.48521749675273895
504	0.09897207468748093	-0.38663120567798615	-0.48560328036546707
505	0.09841862320899963	-0.38773810863494873	-0.48615673184394836
506	0.09531626105308533	-0.39394283294677734	-0.48925909399986267
507	0.09353189170360565	-0.3975115716457367	-0.49104346334934235
508	0.09304369986057281	-0.39848795533180237	-0.4915316551923752
509	0.09251691401004791	-0.3995415270328522	-0.4920584410429001
510	0.09219279140233994	-0.4001897722482681	-0.49238256365060806
511	0.0917426273226738	-0.4010901004076004	-0.4928327277302742
512	0.09130007773637772	-0.40197519958019257	-0.4932752773165703
513	0.09099575132131577	-0.40258385241031647	-0.49357960373163223
514	0.09046218544244766	-0.4036509841680527	-0.49411316961050034
515	0.09011424332857132	-0.40434686839580536	-0.4944611117243767
516	0.08973852545022964	-0.4050983041524887	-0.49483682960271835
517	0.0893324539065361	-0.4059104472398758	-0.4952429011464119
518	0.08905858546495438	-0.40645818412303925	-0.4955167695879936
519	0.08875375241041183	-0.40706785023212433	-0.49582160264253616
520	0.08827588707208633	-0.40802358090877533	-0.49629946798086166
521	0.08798295259475708	-0.40860944986343384	-0.4965924024581909
522	0.08771992474794388	-0.40913550555706024	-0.4968554303050041
523	0.08731430768966675	-0.4099467396736145	-0.49726104736328125
524	0.08705991506576538	-0.41045552492141724	-0.4975154399871826
525	0.08681749552488327	-0.41094036400318146	-0.49775785952806473
526	0.08654826879501343	-0.41147881746292114	-0.49802708625793457
527	0.08620111644268036	-0.4121731221675873	-0.49837423861026764
528	0.0859839916229248	-0.4126073718070984	-0.4985913634300232
529	0.08557796478271484	-0.4134194254875183	-0.49899739027023315
530	0.08498331159353256	-0.4146087318658829	-0.49959204345941544
531	0.08466479182243347	-0.41524577140808105	-0.4999105632305145
532	0.08430090546607971	-0.4159735441207886	-0.5002744495868683
533	0.08373106271028519	-0.4171132296323776	-0.5008442923426628
534	0.08342653512954712	-0.41772228479385376	-0.5011488199234009
535	0.08310414850711823	-0.41836705803871155	-0.5014712065458298
536	0.08255380392074585	-0.4194677472114563	-0.5020215511322021
537	0.0822681412100792	-0.4200390726327896	-0.5023072138428688
538	0.08197832852602005	-0.4206186980009079	-0.502597026526928
539	0.08145145326852798	-0.42167244851589203	-0.50312390178442
540	0.0811796635389328	-0.4222160279750824	-0.5033956915140152
541	0.08075957000255585	-0.4230562150478363	-0.5038157850503922
542	0.08046074956655502	-0.42365385591983795	-0.504114605486393
543	0.08012503385543823	-0.42432528734207153	-0.5044503211975098
544	0.079901784658432	-0.424771785736084	-0.504673570394516
545	0.07961320132017136	-0.4253489524126053	-0.5049621537327766
546	0.07928645610809326	-0.4260024428367615	-0.5052888989448547
547	0.07909881323575974	-0.42637772858142853	-0.5054765418171883
548	0.07887547463178635	-0.4268244057893753	-0.5056998804211617
549	0.07858302444219589	-0.4274093061685562	-0.5059923306107521
550	0.07828252762556076	-0.4280102998018265	-0.5062928274273872
551	0.07778570055961609	-0.4290039539337158	-0.5067896544933319
552	0.07754014432430267	-0.42949506640434265	-0.5070352107286453
553	0.07726851850748062	-0.43003831803798676	-0.5073068365454674
554	0.076789990067482	-0.430995374917984	-0.507785364985466
555	0.07655417174100876	-0.4314670115709305	-0.5080211833119392
556	0.07628440856933594	-0.4320065379142761	-0.5082909464836121
557	0.07582253962755203	-0.43293027579784393	-0.508752815425396
558	0.07560059428215027	-0.43337416648864746	-0.5089747607707977
559	0.07535675168037415	-0.4338618516921997	-0.5092186033725739
560	0.07491385191679001	-0.434747651219368	-0.509661503136158
561	0.0747038871049881	-0.4351675808429718	-0.5098714679479599
562	0.07448315620422363	-0.43560904264450073	-0.5100921988487244
563	0.07416241616010666	-0.4362505227327347	-0.5104129388928413
564	0.07388412207365036	-0.4368071109056473	-0.5106912329792976
565	0.07349546253681183	-0.43758442997932434	-0.5110798925161362
566	0.0733170285820961	-0.4379412978887558	-0.5112583264708519
567	0.07289891690015793	-0.43877752125263214	-0.5116764381527901
568	0.07262687385082245	-0.4393216073513031	-0.5119484812021255
569	0.07246412336826324	-0.4396471083164215	-0.5121112316846848
570	0.07218541949987411	-0.44020451605319977	-0.5123899355530739
571	0.07195240259170532	-0.44067054986953735	-0.5126229524612427
572	0.0716228261590004	-0.4413297027349472	-0.5129525288939476
573	0.07142744213342667	-0.44172047078609467	-0.5131479129195213
574	0.071260005235672	-0.442055344581604	-0.513315349817276
575	0.07085775583982468	-0.44285984337329865	-0.5137175992131233
576	0.07067400217056274	-0.4432273507118225	-0.5139013528823853
577	0.0705166906118393	-0.4435419738292694	-0.5140586644411087
578	0.07019514590501785	-0.4441850632429123	-0.5143802091479301
579	0.07000068575143814	-0.4445739835500717	-0.5145746693015099
580	0.06984496861696243	-0.44488541781902313	-0.5147303864359856
581	0.06965673714876175	-0.4452618807554245	-0.5149186179041862
582	0.06943714618682861	-0.44570106267929077	-0.5151382088661194
583	0.06917115300893784	-0.4462330490350723	-0.5154042020440102
584	0.06895826756954193	-0.44665881991386414	-0.5156170874834061
585	0.06881509721279144	-0.4469451606273651	-0.5157602578401566
586	0.06861428171396255	-0.4473467916250229	-0.5159610733389854
587	0.06835784018039703	-0.44785967469215393	-0.516217514872551
588	0.0681096762418747	-0.4483560025691986	-0.5164656788110733
589	0.06790003925561905	-0.4487752765417099	-0.516675315797329
590	0.06746020913124084	-0.4496549367904663	-0.5171151459217072
591	0.06713856756687164	-0.4502982199192047	-0.5174367874860764
592	0.06683561950922012	-0.45090411603450775	-0.5177397355437279
593	0.06646529585123062	-0.45164476335048676	-0.5181100592017174
594	0.06384991109371185	-0.4568755328655243	-0.5207254439592361
595	0.06311246007680893	-0.45835043489933014	-0.5214628949761391
596	0.06255587935447693	-0.45946359634399414	-0.5220194756984711
597	0.06191807612776756	-0.4607392027974129	-0.5226572789251804
598	0.0615166500210762	-0.4615420550107956	-0.5230587050318718
599	0.06135862320661545	-0.4618581086397171	-0.5232167318463326
600	0.06110968440771103	-0.46235598623752594	-0.523465670645237
601	0.060746897011995316	-0.46308156102895737	-0.5238284580409527
602	0.0603657066822052	-0.4638439416885376	-0.5242096483707428
603	0.06008850038051605	-0.4643983542919159	-0.524486854672432
604	0.059864383190870285	-0.46484658867120743	-0.5247109718620777
605	0.05975566431879997	-0.46506402641534805	-0.524819690734148
606	0.0595569908618927	-0.4654613733291626	-0.5250183641910553
607	0.05947461351752281	-0.4656261280179024	-0.5251007415354252
608	0.059185612946748734	-0.46620412915945053	-0.5253897421061993
609	0.05894187465310097	-0.46669160574674606	-0.525633480399847
610	0.05883625149726868	-0.46690285205841064	-0.5257391035556793
611	0.05877576395869255	-0.4670238271355629	-0.5257995910942554
612	0.05859395116567612	-0.46738745272159576	-0.5259814038872719
613	0.05850643292069435	-0.4675624892115593	-0.5260689221322536
614	0.058365415781736374	-0.46784452348947525	-0.5262099392712116
615	0.058250658214092255	-0.4680740386247635	-0.5263246968388557
616	0.05815047398209572	-0.46827440708875656	-0.5264248810708523
617	0.058003731071949005	-0.46856789290905	-0.526571623980999
618	0.057728078216314316	-0.46911919862031937	-0.5268472768366337
619	0.05763417109847069	-0.4693070128560066	-0.5269411839544773
620	0.05749958008527756	-0.4695761948823929	-0.5270757749676704
621	0.05743570998311043	-0.46970393508672714	-0.5271396450698376
622	0.05726100876927376	-0.4700533375144005	-0.5273143462836742
623	0.057042233645915985	-0.47049088776111603	-0.527533121407032
624	0.056922171264886856	-0.4707310125231743	-0.5276531837880611
625	0.05682199448347092	-0.47093136608600616	-0.5277533605694771
626	0.05671478807926178	-0.47114577889442444	-0.5278605669736862
627	0.056634850800037384	-0.47130565345287323	-0.5279405042529106
628	0.056496378034353256	-0.4715825989842415	-0.5280789770185947
629	0.05630343407392502	-0.47196848690509796	-0.528271920979023
630	0.056215278804302216	-0.47214479744434357	-0.5283600762486458
631	0.056072965264320374	-0.47242942452430725	-0.5285023897886276
632	0.055938027799129486	-0.472699299454689	-0.5286373272538185
633	0.05586470663547516	-0.4728459417819977	-0.5287106484174728
634	0.05568868666887283	-0.47319798171520233	-0.5288866683840752
635	0.055641938000917435	-0.47329147905111313	-0.5289334170520306
636	0.05548684671521187	-0.47360166162252426	-0.5290885083377361
637	0.055349987000226974	-0.47387538105249405	-0.529225368052721
638	0.05525333434343338	-0.47406868636608124	-0.5293220207095146
639	0.05497094616293907	-0.47463346272706985	-0.5296044088900089
640	0.054874978959560394	-0.4748253971338272	-0.5297003760933876
641	0.05469027906656265	-0.4751947969198227	-0.5298850759863853
642	0.05445779860019684	-0.4756597578525543	-0.5301175564527512
643	0.05432336777448654	-0.4759286195039749	-0.5302519872784615
644	0.05424460768699646	-0.4760861396789551	-0.5303307473659515
645	0.05409315228462219	-0.4763890504837036	-0.5304822027683258
646	0.05398105829954147	-0.47661323845386505	-0.5305942967534065
647	0.05386515334248543	-0.47684504836797714	-0.5307102017104626
648	0.05375343933701515	-0.4770684763789177	-0.5308219157159328
649	0.053561270236968994	-0.47745281457901	-0.531014084815979
650	0.05347253009676933	-0.47763029485940933	-0.5311028249561787
651	0.053276389837265015	-0.47802257537841797	-0.531298965215683
652	0.05312039330601692	-0.47833456844091415	-0.5314549617469311
653	0.05304751545190811	-0.4784803241491318	-0.5315278396010399
654	0.052831437438726425	-0.47891248017549515	-0.5317439176142216
655	0.05276210606098175	-0.4790511429309845	-0.5318132489919662
656	0.05251313000917435	-0.4795490950345993	-0.5320622250437737
657	0.052251655608415604	-0.4800720438361168	-0.5323236994445324
658	0.05207286775112152	-0.48042961955070496	-0.5325024873018265
659	0.051799923181533813	-0.48097550868988037	-0.5327754318714142
660	0.05165647342801094	-0.4812624081969261	-0.5329188816249371
661	0.05144546180963516	-0.4816844314336777	-0.5331298932433128
662	0.05124780535697937	-0.48207974433898926	-0.5333275496959686
663	0.05103215202689171	-0.4825110509991646	-0.5335432030260563
664	0.050821512937545776	-0.48293232917785645	-0.5337538421154022
665	0.05059075728058815	-0.4833938404917717	-0.5339845977723598
666	0.05034366995096207	-0.48388801515102386	-0.5342316851019859
667	0.05020136386156082	-0.48417262732982635	-0.5343739911913872
668	0.04999491572380066	-0.4845855236053467	-0.5345804393291473
669	0.049825575202703476	-0.48492420464754105	-0.5347497798502445
670	0.04966762661933899	-0.48524010181427	-0.534907728433609
671	0.049496836960315704	-0.4855816811323166	-0.5350785180926323
672	0.049384068697690964	-0.48580721765756607	-0.535191286355257
673	0.04920860379934311	-0.4861581474542618	-0.5353667512536049
674	0.04910479858517647	-0.48636575788259506	-0.5354705564677715
675	0.048938408493995667	-0.48669853806495667	-0.5356369465589523
676	0.048675134778022766	-0.48722508549690247	-0.5359002202749252
677	0.04854600504040718	-0.48748334497213364	-0.5360293500125408
678	0.048465657979249954	-0.4876440390944481	-0.536109697073698
679	0.04831838235259056	-0.4879385903477669	-0.5362569727003574
680	0.04822077602148056	-0.4881338030099869	-0.5363545790314674
681	0.04811219498515129	-0.4883509650826454	-0.5364631600677967
682	0.04785391688346863	-0.48886752128601074	-0.5367214381694794
683	0.04769330471754074	-0.4891887456178665	-0.5368820503354073
684	0.04758984223008156	-0.4893956705927849	-0.5369855128228664
685	0.04741484671831131	-0.4897456616163254	-0.5371605083346367
686	0.04733235016465187	-0.48991065472364426	-0.5372430048882961
687	0.04722675681114197	-0.49012184143066406	-0.537348598241806
688	0.047131720930337906	-0.4903119131922722	-0.5374436341226101
689	0.047040581703186035	-0.4904941916465759	-0.537534773349762
690	0.04693334177136421	-0.4907086715102196	-0.5376420132815838
691	0.04687320441007614	-0.4908289462327957	-0.5377021506428719
692	0.04661875218153	-0.491337850689888	-0.537956602871418
693	0.046468187123537064	-0.49163898080587387	-0.5381071679294109
694	0.04638560488820076	-0.4918041452765465	-0.5381897501647472
695	0.04635575786232948	-0.49186383932828903	-0.5382195971906185
696	0.046244606375694275	-0.49208614230155945	-0.5383307486772537
697	0.04619400203227997	-0.49218735098838806	-0.538381353020668
698	0.046135202050209045	-0.4923049509525299	-0.538440153002739
699	0.04606495425105095	-0.4924454465508461	-0.538510400801897
700	0.04604209214448929	-0.4924911707639694	-0.5385332629084587
701	0.04602039232850075	-0.4925345703959465	-0.5385549627244473
702	0.0459476113319397	-0.4926801323890686	-0.5386277437210083
703	0.045848339796066284	-0.49287867546081543	-0.5387270152568817
704	0.04579656571149826	-0.4929822236299515	-0.5387787893414497
705	0.04573845490813255	-0.4930984452366829	-0.5388369001448154
706	0.045720141381025314	-0.49313507229089737	-0.5388552136719227
707	0.04569317772984505	-0.4931889995932579	-0.538882177323103
708	0.045617058873176575	-0.49334123730659485	-0.5389582961797714
709	0.04555869475007057	-0.49345796555280685	-0.5390166603028774
710	0.04547000676393509	-0.4936353415250778	-0.5391053482890129
711	0.04544295743107796	-0.4936894401907921	-0.53913239762187
712	0.045341603457927704	-0.4938921481370926	-0.5392337515950203
713	0.04530899226665497	-0.49395737051963806	-0.539266362786293
714	0.045293379575014114	-0.49398859590291977	-0.5392819754779339
715	0.04527438059449196	-0.4940265938639641	-0.539300974458456
716	0.04526932165026665	-0.4940367117524147	-0.5393060334026814
717	0.0451449416577816	-0.4942854717373848	-0.5394304133951664
718	0.04512692615389824	-0.4943215027451515	-0.5394484288990498
719	0.04503348842263222	-0.49450837820768356	-0.5395418666303158
720	0.04500260949134827	-0.49457013607025146	-0.5395727455615997
721	0.04493969306349754	-0.4946959689259529	-0.5396356619894505
722	0.04488398879766464	-0.4948073774576187	-0.5396913662552834
723	0.04466188699007034	-0.4952515810728073	-0.5399134680628777
724	0.04458598420023918	-0.49540338665246964	-0.5399893708527088
725	0.04452070593833923	-0.49553394317626953	-0.5400546491146088
726	0.044356316328048706	-0.4958627223968506	-0.5402190387248993
727	0.04428286850452423	-0.49600961804389954	-0.5402924865484238
728	0.04418171942234039	-0.4962119162082672	-0.5403936356306076
729	0.044109731912612915	-0.49635589122772217	-0.5404656231403351
730	0.04409526288509369	-0.4963848292827606	-0.5404800921678543
731	0.044069062918424606	-0.4964372292160988	-0.5405062921345234
732	0.04403579607605934	-0.4965037629008293	-0.5405395589768887
733	0.04403579607605934	-0.4965037629008293	-0.5405395589768887
734	0.04403579607605934	-0.4965037629008293	-0.5405395589768887
735	0.04403579607605934	-0.4965037629008293	-0.5405395589768887
736	0.04403579607605934	-0.4965037629008293	-0.5405395589768887
737	0.04403579607605934	-0.4965037629008293	-0.5405395589768887
738	0.04403579607605934	-0.4965037629008293	-0.5405395589768887
739	0.04403579607605934	-0.4965037629008293	-0.5405395589768887
740	0.04403579607605934	-0.4965037629008293	-0.5405395589768887
741	0.04403579607605934	-0.4965037629008293	-0.5405395589768887
742	0.04403579607605934	-0.4965037629008293	-0.5405395589768887
743	0.04403579607605934	-0.4965037629008293	-0.5405395589768887
744	0.04403579607605934	-0.4965037629008293	-0.5405395589768887
745	0.04403579607605934	-0.4965037629008293	-0.5405395589768887
746	0.04403579607605934	-0.4965037629008293	-0.5405395589768887
747	0.04403579607605934	-0.4965037629008293	-0.5405395589768887
748	0.04403579607605934	-0.4965037629008293	-0.5405395589768887
749	0.04403579607605934	-0.4965037629008293	-0.5405395589768887
750	0.04403579607605934	-0.4965037629008293	-0.5405395589768887
751	0.04403579607605934	-0.4965037629008293	-0.5405395589768887
752	0.04403579607605934	-0.4965037629008293	-0.5405395589768887
753	0.04403579607605934	-0.4965037629008293	-0.5405395589768887
754	0.04403579607605934	-0.4965037629008293	-0.5405395589768887
755	0.04403579607605934	-0.4965037629008293	-0.5405395589768887
756	0.04403579607605934	-0.4965037629008293	-0.5405395589768887
757	0.04403579607605934	-0.4965037629008293	-0.5405395589768887
758	0.04403579607605934	-0.4965037629008293	-0.5405395589768887
759	0.04403579607605934	-0.4965037629008293	-0.5405395589768887
760	0.04403579607605934	-0.4965037629008293	-0.5405395589768887
761	0.04403579607605934	-0.4965037629008293	-0.5405395589768887
762	0.04403579607605934	-0.4965037629008293	-0.5405395589768887
763	0.04403579607605934	-0.4965037629008293	-0.5405395589768887
764	0.04403579607605934	-0.4965037629008293	-0.5405395589768887
765	0.04403579607605934	-0.4965037629008293	-0.5405395589768887
766	0.04403579607605934	-0.4965037629008293	-0.5405395589768887
767	0.04403579607605934	-0.4965037629008293	-0.5405395589768887
768	0.04403579607605934	-0.4965037629008293	-0.5405395589768887
769	0.04403579607605934	-0.4965037629008293	-0.5405395589768887
770	0.04403579607605934	-0.4965037629008293	-0.5405395589768887
771	0.04403579607605934	-0.4965037629008293	-0.5405395589768887
772	0.04403579607605934	-0.4965037629008293	-0.5405395589768887
773	0.04403579607605934	-0.4965037629008293	-0.5405395589768887
774	0.04403579607605934	-0.4965037629008293	-0.5405395589768887
775	0.04403579607605934	-0.4965037629008293	-0.5405395589768887
776	0.04403579607605934	-0.4965037629008293	-0.5405395589768887
777	0.04403579607605934	-0.4965037629008293	-0.5405395589768887
778	0.04403579607605934	-0.4965037629008293	-0.5405395589768887
779	0.04403579607605934	-0.4965037629008293	-0.5405395589768887
780	0.04403579607605934	-0.4965037629008293	-0.5405395589768887
781	0.04403579607605934	-0.4965037629008293	-0.5405395589768887
782	0.04403579607605934	-0.4965037629008293	-0.5405395589768887
783	0.04403579607605934	-0.4965037629008293	-0.5405395589768887
784	0.04403579607605934	-0.4965037629008293	-0.5405395589768887
785	0.04403579607605934	-0.4965037629008293	-0.5405395589768887
786	0.04403579607605934	-0.4965037629008293	-0.5405395589768887
787	0.04403579607605934	-0.4965037629008293	-0.5405395589768887
788	0.04403579607605934	-0.4965037629008293	-0.5405395589768887
789	0.04403579607605934	-0.4965037629008293	-0.5405395589768887
790	0.04403579607605934	-0.4965037629008293	-0.5405395589768887
791	0.04403579607605934	-0.4965037629008293	-0.5405395589768887
792	0.04403579607605934	-0.4965037629008293	-0.5405395589768887
793	0.04403579607605934	-0.4965037629008293	-0.5405395589768887
794	0.04403579607605934	-0.4965037629008293	-0.5405395589768887
795	0.04403579607605934	-0.4965037629008293	-0.5405395589768887
796	0.04403579607605934	-0.4965037629008293	-0.5405395589768887
797	0.04403579607605934	-0.4965037629008293	-0.5405395589768887
798	0.04403579607605934	-0.4965037629008293	-0.5405395589768887
799	0.04403579607605934	-0.4965037629008293	-0.5405395589768887
800	0.04403579607605934	-0.4965037629008293	-0.5405395589768887
801	0.04403579607605934	-0.4965037629008293	-0.5405395589768887
802	0.04403579607605934	-0.4965037629008293	-0.5405395589768887
803	0.04403579607605934	-0.4965037629008293	-0.5405395589768887
804	0.04403579607605934	-0.4965037629008293	-0.5405395589768887
805	0.04403579607605934	-0.4965037629008293	-0.5405395589768887
806	0.04403579607605934	-0.4965037629008293	-0.5405395589768887
807	0.04403579607605934	-0.4965037629008293	-0.5405395589768887
808	0.04403579607605934	-0.4965037629008293	-0.5405395589768887
809	0.04403579607605934	-0.4965037629008293	-0.5405395589768887
810	0.04403579607605934	-0.4965037629008293	-0.5405395589768887
811	0.04403579607605934	-0.4965037629008293	-0.5405395589768887
812	0.04403579607605934	-0.4965037629008293	-0.5405395589768887
813	0.04403579607605934	-0.4965037629008293	-0.5405395589768887
814	0.04403579607605934	-0.4965037629008293	-0.5405395589768887
815	0.04403579607605934	-0.4965037629008293	-0.5405395589768887
816	0.04403579607605934	-0.4965037629008293	-0.5405395589768887
817	0.04403579607605934	-0.4965037629008293	-0.5405395589768887
818	0.04403579607605934	-0.4965037629008293	-0.5405395589768887
819	0.04403579607605934	-0.4965037629008293	-0.5405395589768887
820	0.04403579607605934	-0.4965037629008293	-0.5405395589768887
821	0.04403579607605934	-0.4965037629008293	-0.5405395589768887
822	0.04403579607605934	-0.4965037629008293	-0.5405395589768887
823	0.04403579607605934	-0.4965037629008293	-0.5405395589768887
824	0.04403579607605934	-0.4965037629008293	-0.5405395589768887
825	0.04403579607605934	-0.4965037629008293	-0.5405395589768887
826	0.04403579607605934	-0.4965037629008293	-0.5405395589768887
827	0.04403579607605934	-0.4965037629008293	-0.5405395589768887
828	0.04403579607605934	-0.4965037629008293	-0.5405395589768887
829	0.04403579607605934	-0.4965037629008293	-0.5405395589768887
830	0.04403579607605934	-0.4965037629008293	-0.5405395589768887
831	0.04403579607605934	-0.4965037629008293	-0.5405395589768887
832	0.04403579607605934	-0.4965037629008293	-0.5405395589768887
833	0.04403579607605934	-0.4965037629008293	-0.5405395589768887
834	0.04403579607605934	-0.4965037629008293	-0.5405395589768887
835	0.04403579607605934	-0.4965037629008293	-0.5405395589768887
836	0.04403579607605934	-0.4965037629008293	-0.5405395589768887
837	0.04403579607605934	-0.4965037629008293	-0.5405395589768887
838	0.04403579607605934	-0.4965037629008293	-0.5405395589768887
839	0.04403579607605934	-0.4965037629008293	-0.5405395589768887
840	0.04403579607605934	-0.4965037629008293	-0.5405395589768887
841	0.04403579607605934	-0.4965037629008293	-0.5405395589768887
842	0.04403579607605934	-0.4965037629008293	-0.5405395589768887
843	0.04403579607605934	-0.4965037629008293	-0.5405395589768887
844	0.04403579607605934	-0.4965037629008293	-0.5405395589768887
845	0.04403579607605934	-0.4965037629008293	-0.5405395589768887
846	0.04403579607605934	-0.4965037629008293	-0.5405395589768887
847	0.04403579607605934	-0.4965037629008293	-0.5405395589768887
848	0.04403579607605934	-0.4965037629008293	-0.5405395589768887
849	0.04403579607605934	-0.4965037629008293	-0.5405395589768887
850	0.04403579607605934	-0.4965037629008293	-0.5405395589768887
851	0.04403579607605934	-0.4965037629008293	-0.5405395589768887
852	0.04403579607605934	-0.4965037629008293	-0.5405395589768887
853	0.04403579607605934	-0.4965037629008293	-0.5405395589768887
854	0.04403579607605934	-0.4965037629008293	-0.5405395589768887
855	0.04403579607605934	-0.4965037629008293	-0.5405395589768887
856	0.04403579607605934	-0.4965037629008293	-0.5405395589768887
857	0.04403579607605934	-0.4965037629008293	-0.5405395589768887
858	0.04403579607605934	-0.4965037629008293	-0.5405395589768887
859	0.04403579607605934	-0.4965037629008293	-0.5405395589768887
860	0.04403579607605934	-0.4965037629008293	-0.5405395589768887
861	0.04403579607605934	-0.4965037629008293	-0.5405395589768887
862	0.04403579607605934	-0.4965037629008293	-0.5405395589768887
863	0.04403579607605934	-0.4965037629008293	-0.5405395589768887
864	0.04403579607605934	-0.4965037629008293	-0.5405395589768887
865	0.04403579607605934	-0.4965037629008293	-0.5405395589768887
866	0.04403579607605934	-0.4965037629008293	-0.5405395589768887
867	0.04403579607605934	-0.4965037629008293	-0.5405395589768887
868	0.04403579607605934	-0.4965037629008293	-0.5405395589768887
869	0.04403579607605934	-0.4965037629008293	-0.5405395589768887
870	0.04403579607605934	-0.4965037629008293	-0.5405395589768887
871	0.04403579607605934	-0.4965037629008293	-0.5405395589768887
872	0.04403579607605934	-0.4965037629008293	-0.5405395589768887
873	0.04403579607605934	-0.4965037629008293	-0.5405395589768887
874	0.04403579607605934	-0.4965037629008293	-0.5405395589768887
875	0.04403579607605934	-0.4965037629008293	-0.5405395589768887
876	0.04403579607605934	-0.4965037629008293	-0.5405395589768887
877	0.04403579607605934	-0.4965037629008293	-0.5405395589768887
878	0.04403579607605934	-0.4965037629008293	-0.5405395589768887
879	0.04403579607605934	-0.4965037629008293	-0.5405395589768887
880	0.04403579607605934	-0.4965037629008293	-0.5405395589768887
881	0.04403579607605934	-0.4965037629008293	-0.5405395589768887
882	0.04403579607605934	-0.4965037629008293	-0.5405395589768887
883	0.04403579607605934	-0.4965037629008293	-0.5405395589768887
884	0.04403579607605934	-0.4965037629008293	-0.5405395589768887
885	0.04403579607605934	-0.4965037629008293	-0.5405395589768887
886	0.04403579607605934	-0.4965037629008293	-0.5405395589768887
887	0.04403579607605934	-0.4965037629008293	-0.5405395589768887
888	0.04403579607605934	-0.4965037629008293	-0.5405395589768887
889	0.04403579607605934	-0.4965037629008293	-0.5405395589768887
890	0.04403579607605934	-0.4965037629008293	-0.5405395589768887
891	0.04403579607605934	-0.4965037629008293	-0.5405395589768887
892	0.04403579607605934	-0.4965037629008293	-0.5405395589768887
893	0.04403579607605934	-0.4965037629008293	-0.5405395589768887
894	0.04403579607605934	-0.4965037629008293	-0.5405395589768887
895	0.04403579607605934	-0.4965037629008293	-0.5405395589768887
896	0.04403579607605934	-0.4965037629008293	-0.5405395589768887
897	0.04403579607605934	-0.4965037629008293	-0.5405395589768887
898	0.04403579607605934	-0.4965037629008293	-0.5405395589768887
899	0.04403579607605934	-0.4965037629008293	-0.5405395589768887
900	0.04403579607605934	-0.4965037629008293	-0.5405395589768887
901	0.04403579607605934	-0.4965037629008293	-0.5405395589768887
902	0.04403579607605934	-0.4965037629008293	-0.5405395589768887
903	0.04403579607605934	-0.4965037629008293	-0.5405395589768887
904	0.04403579607605934	-0.4965037629008293	-0.5405395589768887
905	0.04403579607605934	-0.4965037629008293	-0.5405395589768887
906	0.04403579607605934	-0.4965037629008293	-0.5405395589768887
907	0.04403579607605934	-0.4965037629008293	-0.5405395589768887
908	0.04403579607605934	-0.4965037629008293	-0.5405395589768887
909	0.04403579607605934	-0.4965037629008293	-0.5405395589768887
910	0.04403579607605934	-0.4965037629008293	-0.5405395589768887
911	0.04403579607605934	-0.4965037629008293	-0.5405395589768887
912	0.04403579607605934	-0.4965037629008293	-0.5405395589768887
913	0.04403579607605934	-0.4965037629008293	-0.5405395589768887
914	0.04403579607605934	-0.4965037629008293	-0.5405395589768887
915	0.04403579607605934	-0.4965037629008293	-0.5405395589768887
916	0.04403579607605934	-0.4965037629008293	-0.5405395589768887
917	0.04403579607605934	-0.4965037629008293	-0.5405395589768887
918	0.04403579607605934	-0.4965037629008293	-0.5405395589768887
919	0.04403579607605934	-0.4965037629008293	-0.5405395589768887
920	0.04403579607605934	-0.4965037629008293	-0.5405395589768887
921	0.04403579607605934	-0.4965037629008293	-0.5405395589768887
922	0.04403579607605934	-0.4965037629008293	-0.5405395589768887
923	0.04403579607605934	-0.4965037629008293	-0.5405395589768887
924	0.04403579607605934	-0.4965037629008293	-0.5405395589768887
925	0.04403579607605934	-0.4965037629008293	-0.5405395589768887
926	0.04403579607605934	-0.4965037629008293	-0.5405395589768887
927	0.04403579607605934	-0.4965037629008293	-0.5405395589768887
928	0.04403579607605934	-0.4965037629008293	-0.5405395589768887
929	0.04403579607605934	-0.4965037629008293	-0.5405395589768887
930	0.04403579607605934	-0.4965037629008293	-0.5405395589768887
931	0.04403579607605934	-0.4965037629008293	-0.5405395589768887
932	0.04403579607605934	-0.4965037629008293	-0.5405395589768887
933	0.04403579607605934	-0.4965037629008293	-0.5405395589768887
934	0.04403579607605934	-0.4965037629008293	-0.5405395589768887
935	0.04403579607605934	-0.4965037629008293	-0.5405395589768887
936	0.04403579607605934	-0.4965037629008293	-0.5405395589768887
937	0.04403579607605934	-0.4965037629008293	-0.5405395589768887
938	0.04403579607605934	-0.4965037629008293	-0.5405395589768887
939	0.04403579607605934	-0.4965037629008293	-0.5405395589768887
940	0.04403579607605934	-0.4965037629008293	-0.5405395589768887
941	0.04403579607605934	-0.4965037629008293	-0.5405395589768887
942	0.04403579607605934	-0.4965037629008293	-0.5405395589768887
943	0.04403579607605934	-0.4965037629008293	-0.5405395589768887
944	0.04403579607605934	-0.4965037629008293	-0.5405395589768887
945	0.04403579607605934	-0.4965037629008293	-0.5405395589768887
946	0.04403579607605934	-0.4965037629008293	-0.5405395589768887
947	0.04403579607605934	-0.4965037629008293	-0.5405395589768887
948	0.04403579607605934	-0.4965037629008293	-0.5405395589768887
949	0.04403579607605934	-0.4965037629008293	-0.5405395589768887
950	0.04403579607605934	-0.4965037629008293	-0.5405395589768887
951	0.04403579607605934	-0.4965037629008293	-0.5405395589768887
952	0.04403579607605934	-0.4965037629008293	-0.5405395589768887
953	0.04403579607605934	-0.4965037629008293	-0.5405395589768887
954	0.04403579607605934	-0.4965037629008293	-0.5405395589768887
955	0.04403579607605934	-0.4965037629008293	-0.5405395589768887
956	0.04403579607605934	-0.4965037629008293	-0.5405395589768887
957	0.04403579607605934	-0.4965037629008293	-0.5405395589768887
958	0.04403579607605934	-0.4965037629008293	-0.5405395589768887
959	0.04403579607605934	-0.4965037629008293	-0.5405395589768887
960	0.04403579607605934	-0.4965037629008293	-0.5405395589768887
961	0.04403579607605934	-0.4965037629008293	-0.5405395589768887
962	0.04403579607605934	-0.4965037629008293	-0.5405395589768887
963	0.04403579607605934	-0.4965037629008293	-0.5405395589768887
964	0.04403579607605934	-0.4965037629008293	-0.5405395589768887
965	0.04403579607605934	-0.4965037629008293	-0.5405395589768887
966	0.04403579607605934	-0.4965037629008293	-0.5405395589768887
967	0.04403579607605934	-0.4965037629008293	-0.5405395589768887
968	0.04403579607605934	-0.4965037629008293	-0.5405395589768887
969	0.04403579607605934	-0.4965037629008293	-0.5405395589768887
970	0.04403579607605934	-0.4965037629008293	-0.5405395589768887
971	0.04403579607605934	-0.4965037629008293	-0.5405395589768887
972	0.04403579607605934	-0.4965037629008293	-0.5405395589768887
973	0.04403579607605934	-0.4965037629008293	-0.5405395589768887
974	0.04403579607605934	-0.4965037629008293	-0.5405395589768887
975	0.04403579607605934	-0.4965037629008293	-0.5405395589768887
976	0.04403579607605934	-0.4965037629008293	-0.5405395589768887
977	0.04403579607605934	-0.4965037629008293	-0.5405395589768887
978	0.04403579607605934	-0.4965037629008293	-0.5405395589768887
979	0.04403579607605934	-0.4965037629008293	-0.5405395589768887
980	0.04403579607605934	-0.4965037629008293	-0.5405395589768887
981	0.04403579607605934	-0.4965037629008293	-0.5405395589768887
982	0.04403579607605934	-0.4965037629008293	-0.5405395589768887
983	0.04403579607605934	-0.4965037629008293	-0.5405395589768887
984	0.04403579607605934	-0.4965037629008293	-0.5405395589768887
985	0.04403579607605934	-0.4965037629008293	-0.5405395589768887
986	0.04403579607605934	-0.4965037629008293	-0.5405395589768887
987	0.04403579607605934	-0.4965037629008293	-0.5405395589768887
988	0.04403579607605934	-0.4965037629008293	-0.5405395589768887
989	0.04403579607605934	-0.4965037629008293	-0.5405395589768887
990	0.04403579607605934	-0.4965037629008293	-0.5405395589768887
991	0.04403579607605934	-0.4965037629008293	-0.5405395589768887
992	0.04403579607605934	-0.4965037629008293	-0.5405395589768887
993	0.04403579607605934	-0.4965037629008293	-0.5405395589768887
994	0.04403579607605934	-0.4965037629008293	-0.5405395589768887
995	0.04403579607605934	-0.4965037629008293	-0.5405395589768887
996	0.04403579607605934	-0.4965037629008293	-0.5405395589768887
997	0.04403579607605934	-0.4965037629008293	-0.5405395589768887
998	0.04403579607605934	-0.4965037629008293	-0.5405395589768887
999	0.04403579607605934	-0.4965037629008293	-0.5405395589768887
1000	0.04403579607605934	-0.4965037629008293	-0.5405395589768887

Best Loss: 0.04403579607605934

Training Time (seconds): 267.7247466000001
