Iteration	Loss (h)	Total Cost (f)	Cost g
1	0.6848779916763306	0.6848779916763306	0
2	0.6224303245544434	0.5599826574325562	-0.06244766712188721
3	0.5673635005950928	0.449849009513855	-0.11751449108123779
4	0.5206871628761292	0.35649633407592773	-0.16419082880020142
5	0.48945653438568115	0.29403507709503174	-0.19542145729064941
6	0.4619429409503937	0.2390078902244568	-0.2229350507259369
7	0.4452759325504303	0.20567387342453003	-0.23960205912590027
8	0.4394150674343109	0.19395214319229126	-0.24546292424201965
9	0.43647512793540955	0.18807226419448853	-0.24840286374092102
10	0.43396836519241333	0.1830587387084961	-0.25090962648391724
11	0.43122240900993347	0.17756682634353638	-0.2536555826663971
12	0.4284639358520508	0.172049880027771	-0.2564140558242798
13	0.4255094826221466	0.16614097356796265	-0.25936850905418396
14	0.4228168725967407	0.16075575351715088	-0.26206111907958984
15	0.42027246952056885	0.15566694736480713	-0.2646055221557617
16	0.41814154386520386	0.15140509605407715	-0.2667364478111267
17	0.4162137508392334	0.14754951000213623	-0.26866424083709717
18	0.414040207862854	0.14320242404937744	-0.27083778381347656
19	0.4120262861251831	0.13917458057403564	-0.27285170555114746
20	0.41009148955345154	0.1353049874305725	-0.27478650212287903
21	0.4082968831062317	0.1317157745361328	-0.2765811085700989
22	0.4064873158931732	0.12809664011001587	-0.27839067578315735
23	0.4035836458206177	0.12228929996490479	-0.2812943458557129
24	0.40226370096206665	0.11964941024780273	-0.2826142907142639
25	0.40042510628700256	0.11597222089767456	-0.284452885389328
26	0.3989681899547577	0.11305838823318481	-0.2859098017215729
27	0.3977462947368622	0.1106145977973938	-0.2871316969394684
28	0.39646610617637634	0.10805422067642212	-0.2884118854999542
29	0.39517179131507874	0.1054655909538269	-0.28970620036125183
30	0.3937991261482239	0.10272026062011719	-0.2910788655281067
31	0.39234262704849243	0.0998072624206543	-0.29253536462783813
32	0.39045557379722595	0.09603315591812134	-0.2944224178791046
33	0.3888426423072815	0.09280729293823242	-0.2960353493690491
34	0.3873112201690674	0.0897444486618042	-0.2975667715072632
35	0.38557443022727966	0.08627086877822876	-0.2993035614490509
36	0.3835843801498413	0.08229076862335205	-0.30129361152648926
37	0.38183218240737915	0.07878637313842773	-0.3030458092689514
38	0.3802213966846466	0.07556480169296265	-0.30465659499168396
39	0.3783099353313446	0.07174187898635864	-0.30656805634498596
40	0.37681904435157776	0.06876009702682495	-0.3080589473247528
41	0.3754834532737732	0.06608891487121582	-0.3093945384025574
42	0.3742043972015381	0.0635308027267456	-0.3106735944747925
43	0.372758686542511	0.060639381408691406	-0.3121193051338196
44	0.37167423963546753	0.05847048759460449	-0.31320375204086304
45	0.3704356253147125	0.05599325895309448	-0.31444236636161804
46	0.3694968819618225	0.05411577224731445	-0.31538110971450806
47	0.3682337999343872	0.05158960819244385	-0.31664419174194336
48	0.367159366607666	0.049440741539001465	-0.31771862506866455
49	0.36617353558540344	0.04746907949447632	-0.3187044560909271
50	0.3653114438056946	0.045744895935058594	-0.319566547870636
51	0.3645436465740204	0.044209301471710205	-0.3203343451023102
52	0.36388325691223145	0.042888522148132324	-0.3209947347640991
53	0.3629056215286255	0.04093325138092041	-0.3219723701477051
54	0.3621550500392914	0.0394321084022522	-0.3227229416370392
55	0.36131101846694946	0.03774404525756836	-0.3235669732093811
56	0.3605796694755554	0.03628134727478027	-0.32429832220077515
57	0.3598189353942871	0.03475987911224365	-0.32505905628204346
58	0.35900792479515076	0.03313785791397095	-0.3258700668811798
59	0.35831010341644287	0.031742215156555176	-0.3265678882598877
60	0.3575524687767029	0.030226945877075195	-0.3273255228996277
61	0.3567725419998169	0.028667092323303223	-0.32810544967651367
62	0.356106162071228	0.02733433246612549	-0.32877182960510254
63	0.3553563952445984	0.02583479881286621	-0.3295215964317322
64	0.3546058237552643	0.024333655834197998	-0.3302721679210663
65	0.35396912693977356	0.023060262203216553	-0.330908864736557
66	0.35308924317359924	0.02130049467086792	-0.3317887485027313
67	0.35201412439346313	0.019150257110595703	-0.33286386728286743
68	0.3510828912258148	0.017287790775299072	-0.33379510045051575
69	0.3500071167945862	0.015136241912841797	-0.3348708748817444
70	0.3490682542324066	0.013258516788482666	-0.33580973744392395
71	0.3482738435268402	0.011669695377349854	-0.33660414814949036
72	0.34709280729293823	0.009307622909545898	-0.33778518438339233
73	0.3459342122077942	0.0069904327392578125	-0.3389437794685364
74	0.34480541944503784	0.004732847213745117	-0.3400725722312927
75	0.34360530972480774	0.002332627773284912	-0.3412726819515228
76	0.3425813615322113	0.000284731388092041	-0.34229663014411926
77	0.341582715511322	-0.0017125606536865234	-0.34329527616500854
78	0.3405694365501404	-0.0037391185760498047	-0.3443085551261902
79	0.33913475275039673	-0.006608486175537109	-0.34574323892593384
80	0.33815690875053406	-0.008564174175262451	-0.3467210829257965
81	0.33679959177970886	-0.011278808116912842	-0.3480783998966217
82	0.33561959862709045	-0.013638794422149658	-0.3492583930492401
83	0.33461329340934753	-0.015651404857635498	-0.35026469826698303
84	0.3328803479671478	-0.019117295742034912	-0.35199764370918274
85	0.33171093463897705	-0.021456122398376465	-0.3531670570373535
86	0.3300333023071289	-0.024811387062072754	-0.35484468936920166
87	0.32855892181396484	-0.02776014804840088	-0.3563190698623657
88	0.3266230523586273	-0.03163188695907593	-0.35825493931770325
89	0.3249853253364563	-0.03490734100341797	-0.35989266633987427
90	0.3229425847530365	-0.03899282217025757	-0.36193540692329407
91	0.3206162750720978	-0.04364544153213501	-0.3642617166042328
92	0.31734365224838257	-0.05019068717956543	-0.367534339427948
93	0.315380334854126	-0.05411732196807861	-0.3694976568222046
94	0.31349802017211914	-0.057881951332092285	-0.3713799715042114
95	0.31057706475257874	-0.0637238621711731	-0.37430092692375183
96	0.3087491989135742	-0.06737959384918213	-0.37612879276275635
97	0.30646270513534546	-0.07195258140563965	-0.3784152865409851
98	0.3046415150165558	-0.075594961643219	-0.3802364766597748
99	0.30304351449012756	-0.07879096269607544	-0.381834477186203
100	0.3009244501590729	-0.08302909135818481	-0.3839535415172577
101	0.2988099753856659	-0.08725804090499878	-0.3860680162906647
102	0.2962830662727356	-0.09231185913085938	-0.38859492540359497
103	0.2942001223564148	-0.09647774696350098	-0.39067786931991577
104	0.2924404740333557	-0.09999704360961914	-0.39243751764297485
105	0.29120439291000366	-0.10246920585632324	-0.3936735987663269
106	0.2894275188446045	-0.10602295398712158	-0.3954504728317261
107	0.2877567410469055	-0.10936450958251953	-0.39712125062942505
108	0.28127750754356384	-0.12232297658920288	-0.4036004841327667
109	0.27895811200141907	-0.12696176767349243	-0.4059198796749115
110	0.27574557065963745	-0.13338685035705566	-0.4091324210166931
111	0.273181676864624	-0.13851463794708252	-0.41169631481170654
112	0.27170050144195557	-0.14147698879241943	-0.413177490234375
113	0.2701018154621124	-0.1446743607521057	-0.41477617621421814
114	0.26910626888275146	-0.14666545391082764	-0.4157717227935791
115	0.26797452569007874	-0.1489289402961731	-0.41690346598625183
116	0.26663729548454285	-0.15160340070724487	-0.4182406961917877
117	0.2656678557395935	-0.15354228019714355	-0.41921013593673706
118	0.26436951756477356	-0.15613895654678345	-0.420508474111557
119	0.26277634501457214	-0.15932530164718628	-0.4221016466617584
120	0.2620353400707245	-0.1608073115348816	-0.4228426516056061
121	0.26084792613983154	-0.16318213939666748	-0.424030065536499
122	0.2593478262424469	-0.16618233919143677	-0.42553016543388367
123	0.25871992111206055	-0.16743814945220947	-0.42615807056427
124	0.25759753584861755	-0.16968291997909546	-0.427280455827713
125	0.2562365233898163	-0.172404944896698	-0.4286414682865143
126	0.2555389702320099	-0.1738000512123108	-0.4293390214443207
127	0.2544349730014801	-0.17600804567337036	-0.43044301867485046
128	0.25337547063827515	-0.17812705039978027	-0.4315025210380554
129	0.25247862935066223	-0.1799207329750061	-0.43239936232566833
130	0.2508988678455353	-0.18308025598526	-0.4339791238307953
131	0.25010791420936584	-0.18466216325759888	-0.4347700774669647
132	0.24944287538528442	-0.18599224090576172	-0.43543511629104614
133	0.24857735633850098	-0.1877232789993286	-0.4363006353378296
134	0.24725204706192017	-0.19037389755249023	-0.4376259446144104
135	0.24603472650051117	-0.19280853867530823	-0.4388432651758194
136	0.24495801329612732	-0.19496196508407593	-0.43991997838020325
137	0.24428321421146393	-0.1963115632534027	-0.44059477746486664
138	0.2425624430179596	-0.19975310564041138	-0.44231554865837097
139	0.24152293801307678	-0.201832115650177	-0.4433550536632538
140	0.24059446156024933	-0.2036890685558319	-0.44428353011608124
141	0.23940278589725494	-0.20607241988182068	-0.4454752057790756
142	0.23792116343975067	-0.20903566479682922	-0.4469568282365799
143	0.23661290109157562	-0.21165218949317932	-0.44826509058475494
144	0.23546388745307922	-0.21395021677017212	-0.44941410422325134
145	0.23435695469379425	-0.21616408228874207	-0.4505210369825363
146	0.2329225391149521	-0.2190329134464264	-0.4519554525613785
147	0.23156242072582245	-0.22175315022468567	-0.4533155709505081
148	0.23036938905715942	-0.22413921356201172	-0.45450860261917114
149	0.229324609041214	-0.2262287735939026	-0.4555533826351166
150	0.2278985232114792	-0.2290809452533722	-0.4569794684648514
151	0.22654905915260315	-0.23177987337112427	-0.4583289325237274
152	0.22527475655078888	-0.2343284785747528	-0.4596032351255417
153	0.2240738570690155	-0.23673027753829956	-0.46080413460731506
154	0.22294530272483826	-0.23898738622665405	-0.4619326889514923
155	0.22188763320446014	-0.24110272526741028	-0.4629903584718704
156	0.22065021097660065	-0.24357756972312927	-0.4642277806997299
157	0.21926060318946838	-0.2463567852973938	-0.4656173884868622
158	0.21806789934635162	-0.24874219298362732	-0.46681009232997894
159	0.21681882441043854	-0.2512403428554535	-0.46805916726589203
160	0.215584859251976	-0.25370827317237854	-0.46929313242435455
161	0.21441316604614258	-0.2560516595840454	-0.470464825630188
162	0.2133028358221054	-0.25827232003211975	-0.47157515585422516
163	0.21225357055664062	-0.2603708505630493	-0.47262442111968994
164	0.21122941374778748	-0.2624191641807556	-0.4736485779285431
165	0.2095911204814911	-0.2656957507133484	-0.4752868711948395
166	0.20841385424137115	-0.26805028319358826	-0.4764641374349594
167	0.20729772746562958	-0.2702825367450714	-0.477580264210701
168	0.20624151825904846	-0.27239495515823364	-0.4786364734172821
169	0.20524482429027557	-0.2743883430957794	-0.479633167386055
170	0.20430637896060944	-0.2762652337551117	-0.48057161271572113
171	0.2032857984304428	-0.27830639481544495	-0.48159219324588776
172	0.20171688497066498	-0.2814442217350006	-0.4831611067056656
173	0.20065291225910187	-0.28357216715812683	-0.4842250794172287
174	0.1996476650238037	-0.28558266162872314	-0.48523032665252686
175	0.1987002044916153	-0.2874775826931	-0.48617778718471527
176	0.19781021773815155	-0.28925755620002747	-0.487067773938179
177	0.19685788452625275	-0.2911622226238251	-0.4880201071500778
178	0.19573958218097687	-0.29339882731437683	-0.4891384094953537
179	0.19463351368904114	-0.2956109642982483	-0.49024447798728943
180	0.19348496198654175	-0.29790806770324707	-0.4913930296897888
181	0.19238786399364471	-0.30010226368904114	-0.49249012768268585
182	0.1913418173789978	-0.30219435691833496	-0.49353617429733276
183	0.19034594297409058	-0.3041861057281494	-0.49453204870224
184	0.18939945101737976	-0.30607908964157104	-0.4954785406589508
185	0.188457190990448	-0.30796360969543457	-0.49642080068588257
186	0.18734516203403473	-0.3101876676082611	-0.49753282964229584
187	0.1862819492816925	-0.31231409311294556	-0.49859604239463806
188	0.18526846170425415	-0.31434106826782227	-0.4996095299720764
189	0.18430402874946594	-0.3162699341773987	-0.5005739629268646
190	0.1833881139755249	-0.31810176372528076	-0.5014898777008057
191	0.18251560628414154	-0.3198467791080475	-0.502362385392189
192	0.1814962774515152	-0.32188543677330017	-0.5033817142248154
193	0.18049393594264984	-0.3238901197910309	-0.5043840557336807
194	0.1795402467250824	-0.32579749822616577	-0.5053377449512482
195	0.1786341369152069	-0.32760971784591675	-0.5062438547611237
196	0.17773312330245972	-0.32941174507141113	-0.5071448683738708
197	0.17687413096427917	-0.3311297297477722	-0.5080038607120514
198	0.17606152594089508	-0.3327549397945404	-0.5088164657354355
199	0.1752941906452179	-0.3342896103858948	-0.5095838010311127
200	0.1745714247226715	-0.33573514223098755	-0.5103065669536591
201	0.17381243407726288	-0.3372531235218048	-0.5110655575990677
202	0.17252099514007568	-0.3398360013961792	-0.5123569965362549
203	0.17168892920017242	-0.3415001332759857	-0.5131890624761581
204	0.17086809873580933	-0.3431417942047119	-0.5140098929405212
205	0.17001599073410034	-0.3448460102081299	-0.5148620009422302
206	0.16916534304618835	-0.34654730558395386	-0.5157126486301422
207	0.16834339499473572	-0.34819120168685913	-0.5165345966815948
208	0.16747139394283295	-0.3499352037906647	-0.5174065977334976
209	0.16653844714164734	-0.3518010973930359	-0.5183395445346832
210	0.16563095152378082	-0.3536160886287689	-0.5192470401525497
211	0.1647666096687317	-0.3553447723388672	-0.5201113820075989
212	0.1639535278081894	-0.3569709360599518	-0.5209244638681412
213	0.16316629946231842	-0.3585453927516937	-0.5217116922140121
214	0.16189393401145935	-0.36109012365341187	-0.5229840576648712
215	0.16102047264575958	-0.3628370463848114	-0.523857519030571
216	0.16021524369716644	-0.3644475042819977	-0.5246627479791641
217	0.15948030352592468	-0.3659173846244812	-0.5253976881504059
218	0.15878209471702576	-0.36731380224227905	-0.5260958969593048
219	0.1581205278635025	-0.36863693594932556	-0.5267574638128281
220	0.1574949473142624	-0.3698880970478058	-0.5273830443620682
221	0.1569046676158905	-0.37106865644454956	-0.5279733240604401
222	0.1563185602426529	-0.3722408711910248	-0.5285594314336777
223	0.15508218109607697	-0.37471362948417664	-0.5297958105802536
224	0.15381035208702087	-0.3772572875022888	-0.5310676395893097
225	0.15210534632205963	-0.3806672990322113	-0.5327726453542709
226	0.15115204453468323	-0.3825739026069641	-0.5337259471416473
227	0.150499626994133	-0.3838787376880646	-0.5343783646821976
228	0.14970846474170685	-0.38546106219291687	-0.5351695269346237
229	0.14894597232341766	-0.38698604702949524	-0.5359320193529129
230	0.1476200670003891	-0.38963785767555237	-0.5372579246759415
231	0.14691781997680664	-0.3910423517227173	-0.5379601716995239
232	0.14625251293182373	-0.3923729658126831	-0.5386254787445068
233	0.14562354981899261	-0.39363089203834534	-0.539254441857338
234	0.1450299620628357	-0.3948180675506592	-0.5398480296134949
235	0.14446675777435303	-0.3959444761276245	-0.5404112339019775
236	0.14393308758735657	-0.39701181650161743	-0.540944904088974
237	0.1434328556060791	-0.39801228046417236	-0.5414451360702515
238	0.14294709265232086	-0.39898380637168884	-0.5419308990240097
239	0.14219436049461365	-0.40048927068710327	-0.5426836311817169
240	0.14115576446056366	-0.40256646275520325	-0.5437222272157669
241	0.14066773653030396	-0.40354251861572266	-0.5442102551460266
242	0.1402004063129425	-0.40447717905044556	-0.5446775853633881
243	0.13963231444358826	-0.40561336278915405	-0.5452456772327423
244	0.13614344596862793	-0.4125910997390747	-0.5487345457077026
245	0.13525144755840302	-0.41437509655952454	-0.5496265441179276
246	0.1345498114824295	-0.41577836871147156	-0.5503281801939011
247	0.13388299942016602	-0.41711199283599854	-0.5509949922561646
248	0.1332503706216812	-0.41837725043296814	-0.5516276210546494
249	0.13265125453472137	-0.4195754826068878	-0.5522267371416092
250	0.13208504021167755	-0.42070791125297546	-0.552792951464653
251	0.13155102729797363	-0.4217759370803833	-0.5533269643783569
252	0.13104863464832306	-0.42278072237968445	-0.5538293570280075
253	0.13056115806102753	-0.4237556755542755	-0.554316833615303
254	0.12914015352725983	-0.4265976846218109	-0.5557378381490707
255	0.1285383403301239	-0.42780131101608276	-0.5563396513462067
256	0.1280534416437149	-0.42877110838890076	-0.5568245500326157
257	0.12688899040222168	-0.4311000108718872	-0.5579890012741089
258	0.12592008709907532	-0.43303781747817993	-0.5589579045772552
259	0.1250380128622055	-0.43480196595191956	-0.5598399788141251
260	0.12456510961055756	-0.43574777245521545	-0.560312882065773
261	0.12401647865772247	-0.4368450343608856	-0.5608615130186081
262	0.12326397746801376	-0.43835003674030304	-0.5616140142083168
263	0.12268653512001038	-0.4395049214363098	-0.5621914565563202
264	0.12214110791683197	-0.4405957758426666	-0.5627368837594986
265	0.12162754684686661	-0.44162289798259735	-0.563250444829464
266	0.12114463746547699	-0.4425887167453766	-0.5637333542108536
267	0.1206921711564064	-0.44349364936351776	-0.5641858205199242
268	0.12026912719011307	-0.44433973729610443	-0.5646088644862175
269	0.11981673538684845	-0.44524452090263367	-0.5650612562894821
270	0.11924368888139725	-0.44639061391353607	-0.5656343027949333
271	0.11872265487909317	-0.4474326819181442	-0.5661553367972374
272	0.11825165897607803	-0.4483746737241745	-0.5666263327002525
273	0.11782869696617126	-0.44922059774398804	-0.5670492947101593
274	0.11743035167455673	-0.4500172883272171	-0.5674476400017738
275	0.1170566976070404	-0.45076459646224976	-0.5678212940692902
276	0.11671032756567001	-0.45145733654499054	-0.5681676641106606
277	0.11639093607664108	-0.4520961195230484	-0.5684870555996895
278	0.11600545048713684	-0.4528670907020569	-0.5688725411891937
279	0.1155347004532814	-0.45380859076976776	-0.5693432912230492
280	0.11510910093784332	-0.4546597898006439	-0.5697688907384872
281	0.11472981423139572	-0.4554183632135391	-0.5701481774449348
282	0.11439412087202072	-0.4560897499322891	-0.5704838708043098
283	0.11409173160791397	-0.4566945284605026	-0.5707862600684166
284	0.11381462216377258	-0.4572487473487854	-0.571063369512558
285	0.11354481428861618	-0.4577883630990982	-0.5713331773877144
286	0.11319795250892639	-0.4584820866584778	-0.5716800391674042
287	0.11206794530153275	-0.4607421010732651	-0.5728100463747978
288	0.11167548596858978	-0.461527019739151	-0.5732025057077408
289	0.11021027714014053	-0.4644574373960495	-0.57466771453619
290	0.10781161487102509	-0.4692547619342804	-0.5770663768053055
291	0.10732918977737427	-0.47021961212158203	-0.5775488018989563
292	0.1068744882941246	-0.47112901508808136	-0.578003503382206
293	0.10644693672657013	-0.4719841182231903	-0.5784310549497604
294	0.10604593902826309	-0.4727861136198044	-0.5788320526480675
295	0.10567092895507812	-0.4735361337661743	-0.5792070627212524
296	0.10532135516405106	-0.47423528134822845	-0.5795566365122795
297	0.1049966961145401	-0.47488459944725037	-0.5798812955617905
298	0.10469639301300049	-0.4754852056503296	-0.5801815986633301
299	0.10441993176937103	-0.4760381281375885	-0.5804580599069595
300	0.10416129976511002	-0.47655539214611053	-0.5807166919112206
301	0.1036970391869545	-0.47748391330242157	-0.5811809524893761
302	0.10284003615379333	-0.4791979193687439	-0.5820379555225372
303	0.1022472232580185	-0.4803835451602936	-0.5826307684183121
304	0.10194229334592819	-0.4809934049844742	-0.5829356983304024
305	0.10157211124897003	-0.4817337691783905	-0.5833058804273605
306	0.10083865374326706	-0.48320068418979645	-0.5840393379330635
307	0.1004217192530632	-0.48403455317020416	-0.5844562724232674
308	0.100015789270401	-0.48484641313552856	-0.5848622024059296
309	0.09895218163728714	-0.4869736284017563	-0.5859258100390434
310	0.09856720268726349	-0.4877435863018036	-0.5863107889890671
311	0.09821531176567078	-0.488447368144989	-0.5866626799106598
312	0.09787287563085556	-0.48913224041461945	-0.587005116045475
313	0.09744430333375931	-0.48998938500881195	-0.5874336883425713
314	0.0966293141245842	-0.49161936342716217	-0.5882486775517464
315	0.09630754590034485	-0.49226289987564087	-0.5885704457759857
316	0.09601884335279465	-0.49284030497074127	-0.5888591483235359
317	0.0957600325345993	-0.49335792660713196	-0.5891179591417313
318	0.09550289064645767	-0.4938722103834152	-0.5893751010298729
319	0.09481260925531387	-0.4952527731657028	-0.5900653824210167
320	0.09449224919080734	-0.4958934932947159	-0.5903857424855232
321	0.09419067203998566	-0.49649664759635925	-0.5906873196363449
322	0.09390762448310852	-0.4970627427101135	-0.590970367193222
323	0.09364292770624161	-0.49759213626384735	-0.591235063970089
324	0.09339588135480881	-0.49808622896671295	-0.5914821103215218
325	0.09316374361515045	-0.49855050444602966	-0.5917142480611801
326	0.0929412767291069	-0.49899543821811676	-0.5919367149472237
327	0.09265270084142685	-0.49957258999347687	-0.5922252908349037
328	0.09239037334918976	-0.500097244977951	-0.5924876183271408
329	0.09217356145381927	-0.500530868768692	-0.5927044302225113
330	0.09194274991750717	-0.5009924918413162	-0.5929352417588234
331	0.0916287899017334	-0.5016204118728638	-0.5932492017745972
332	0.09134391695261002	-0.5021901577711105	-0.5935340747237206
333	0.09108639508485794	-0.5027052015066147	-0.5937915965914726
334	0.09085388481616974	-0.5031702220439911	-0.5940241068601608
335	0.09063950181007385	-0.5035989880561829	-0.5942384898662567
336	0.09044159203767776	-0.503994807600975	-0.5944363996386528
337	0.09025871008634567	-0.5043605715036392	-0.5946192815899849
338	0.09008855372667313	-0.5047008842229843	-0.5947894379496574
339	0.08973436802625656	-0.5054092556238174	-0.595143623650074
340	0.08686063438653946	-0.5111567229032516	-0.5980173572897911
341	0.08638104051351547	-0.5121159106492996	-0.5984969511628151
342	0.0859818235039711	-0.5129143446683884	-0.5988961681723595
343	0.08529949933290482	-0.5142789930105209	-0.5995784923434258
344	0.08443152904510498	-0.5160149335861206	-0.6004464626312256
345	0.0842156782746315	-0.5164466351270676	-0.6006623134016991
346	0.08383497595787048	-0.5172080397605896	-0.6010430157184601
347	0.08340559899806976	-0.518066793680191	-0.6014723926782608
348	0.0825519859790802	-0.5197740197181702	-0.6023260056972504
349	0.0822906419634819	-0.5202967077493668	-0.6025873497128487
350	0.08205205202102661	-0.5207738876342773	-0.602825939655304
351	0.08182793110609055	-0.5212221294641495	-0.60305006057024
352	0.08161735534667969	-0.5216432809829712	-0.6032606363296509
353	0.08142220973968506	-0.5220335721969604	-0.6034557819366455
354	0.08124218136072159	-0.5223936289548874	-0.603635810315609
355	0.08107247948646545	-0.5227330327033997	-0.6038055121898651
356	0.08080177009105682	-0.5232744514942169	-0.6040762215852737
357	0.08055483549833298	-0.5237683206796646	-0.6043231561779976
358	0.08032968640327454	-0.5242186188697815	-0.604548305273056
359	0.08012700080871582	-0.5246239900588989	-0.6047509908676147
360	0.07994455844163895	-0.5249888747930527	-0.6049334332346916
361	0.07977556437253952	-0.5253268629312515	-0.605102427303791
362	0.07962081581354141	-0.5256363600492477	-0.6052571758627892
363	0.07941443473100662	-0.5260491222143173	-0.6054635569453239
364	0.07903729379177094	-0.5268034040927887	-0.6058406978845596
365	0.07884036749601364	-0.5271972566843033	-0.6060376241803169
366	0.07865658402442932	-0.5275648236274719	-0.6062214076519012
367	0.07780352234840393	-0.5292709469795227	-0.6070744693279266
368	0.07762110978364944	-0.5296357721090317	-0.6072568818926811
369	0.07745294272899628	-0.529972106218338	-0.6074250489473343
370	0.07728805392980576	-0.530301883816719	-0.6075899377465248
371	0.07701101899147034	-0.5308559536933899	-0.6078669726848602
372	0.07678206264972687	-0.5313138663768768	-0.6080959290266037
373	0.07656767964363098	-0.5317426323890686	-0.6083103120326996
374	0.07636758685112	-0.5321428179740906	-0.6085104048252106
375	0.07618190348148346	-0.5325141847133636	-0.6086960881948471
376	0.07600991427898407	-0.5328581631183624	-0.6088680773973465
377	0.07585132122039795	-0.5331753492355347	-0.6090266704559326
378	0.07570502161979675	-0.5334679484367371	-0.6091729700565338
379	0.07556992024183273	-0.5337381511926651	-0.6093080714344978
380	0.07544796913862228	-0.533982053399086	-0.6094300225377083
381	0.07527751475572586	-0.5343229621648788	-0.6096004769206047
382	0.07507966458797455	-0.5347186625003815	-0.609798327088356
383	0.07490053027868271	-0.5350769311189651	-0.6099774613976479
384	0.07473936676979065	-0.5353992581367493	-0.6101386249065399
385	0.07459642738103867	-0.5356851369142532	-0.6102815642952919
386	0.07447093725204468	-0.5359361171722412	-0.6104070544242859
387	0.07435615360736847	-0.5361656844615936	-0.6105218380689621
388	0.0742533951997757	-0.5363712012767792	-0.6106245964765549
389	0.07414345443248749	-0.5365910828113556	-0.6107345372438431
390	0.07396866381168365	-0.5369406640529633	-0.6109093278646469
391	0.07381072640419006	-0.5372565388679504	-0.6110672652721405
392	0.07366988807916641	-0.5375382155179977	-0.6112081035971642
393	0.07354606688022614	-0.5377858579158783	-0.6113319247961044
394	0.0734386146068573	-0.538000762462616	-0.6114393770694733
395	0.07334214448928833	-0.5381937026977539	-0.6115358471870422
396	0.0732574313879013	-0.538363128900528	-0.6116205602884293
397	0.07318287342786789	-0.5385122448205948	-0.6116951182484627
398	0.0730367973446846	-0.5388043969869614	-0.611841194331646
399	0.07289762794971466	-0.5390827357769012	-0.6119803637266159
400	0.072774238884449	-0.5393295139074326	-0.6121037527918816
401	0.07266657799482346	-0.5395448356866837	-0.6122114136815071
402	0.07261138409376144	-0.5396552234888077	-0.6122666075825691
403	0.07258576154708862	-0.5397064685821533	-0.6122922301292419
404	0.07258108258247375	-0.5397158265113831	-0.6122969090938568
405	0.07257844507694244	-0.5397211015224457	-0.6122995465993881
406	0.07257221639156342	-0.5397335588932037	-0.6123057752847672
407	0.07257088273763657	-0.5397362262010574	-0.612307108938694
408	0.0725664421916008	-0.539745107293129	-0.6123115494847298
409	0.07255395501852036	-0.5397700816392899	-0.6123240366578102
410	0.07255232334136963	-0.5397733449935913	-0.6123256683349609
411	0.07255015522241592	-0.5397776812314987	-0.6123278364539146
412	0.07254865020513535	-0.5397806912660599	-0.6123293414711952
413	0.0725482925772667	-0.5397814065217972	-0.6123296990990639
414	0.07254626601934433	-0.5397854596376419	-0.6123317256569862
415	0.07254179567098618	-0.5397944003343582	-0.6123361960053444
416	0.07254058867692947	-0.5397968143224716	-0.6123374029994011
417	0.07254058867692947	-0.5397968143224716	-0.6123374029994011
418	0.07254058867692947	-0.5397968143224716	-0.6123374029994011
419	0.07254058867692947	-0.5397968143224716	-0.6123374029994011
420	0.07254058867692947	-0.5397968143224716	-0.6123374029994011
421	0.07254058867692947	-0.5397968143224716	-0.6123374029994011
422	0.07254058867692947	-0.5397968143224716	-0.6123374029994011
423	0.07254058867692947	-0.5397968143224716	-0.6123374029994011
424	0.07254058867692947	-0.5397968143224716	-0.6123374029994011
425	0.07254058867692947	-0.5397968143224716	-0.6123374029994011
426	0.0724397674202919	-0.5399984568357468	-0.6124382242560387
427	0.0723322182893753	-0.54021355509758	-0.6125457733869553
428	0.07218261063098907	-0.5405127704143524	-0.6126953810453415
429	0.07201575487852097	-0.5408464819192886	-0.6128622367978096
430	0.07196783274412155	-0.5409423261880875	-0.612910158932209
431	0.0719485804438591	-0.5409808307886124	-0.6129294112324715
432	0.07194014638662338	-0.5409976989030838	-0.6129378452897072
433	0.07193533331155777	-0.541007325053215	-0.6129426583647728
434	0.07193159312009811	-0.5410148054361343	-0.6129463985562325
435	0.07193143665790558	-0.5410151183605194	-0.612946555018425
436	0.07193049043416977	-0.541017010807991	-0.6129475012421608
437	0.07192858308553696	-0.5410208255052567	-0.6129494085907936
438	0.07192780077457428	-0.541022390127182	-0.6129501909017563
439	0.07192278653383255	-0.5410324186086655	-0.612955205142498
440	0.07191183418035507	-0.5410543233156204	-0.6129661574959755
441	0.07190602272748947	-0.5410659462213516	-0.6129719689488411
442	0.07190286368131638	-0.5410722643136978	-0.6129751279950142
443	0.07189983129501343	-0.5410783290863037	-0.6129781603813171
444	0.07189919054508209	-0.5410796105861664	-0.6129788011312485
445	0.07189919054508209	-0.5410796105861664	-0.6129788011312485
446	0.07189919054508209	-0.5410796105861664	-0.6129788011312485
447	0.07189919054508209	-0.5410796105861664	-0.6129788011312485
448	0.07189919054508209	-0.5410796105861664	-0.6129788011312485
449	0.07189919054508209	-0.5410796105861664	-0.6129788011312485
450	0.07189919054508209	-0.5410796105861664	-0.6129788011312485
451	0.07189919054508209	-0.5410796105861664	-0.6129788011312485
452	0.07189919054508209	-0.5410796105861664	-0.6129788011312485
453	0.07189919054508209	-0.5410796105861664	-0.6129788011312485
454	0.07189919054508209	-0.5410796105861664	-0.6129788011312485
455	0.07189919054508209	-0.5410796105861664	-0.6129788011312485
456	0.07189919054508209	-0.5410796105861664	-0.6129788011312485
457	0.07189919054508209	-0.5410796105861664	-0.6129788011312485
458	0.07189919054508209	-0.5410796105861664	-0.6129788011312485
459	0.07189919054508209	-0.5410796105861664	-0.6129788011312485
460	0.07189919054508209	-0.5410796105861664	-0.6129788011312485
461	0.07189919054508209	-0.5410796105861664	-0.6129788011312485
462	0.07189919054508209	-0.5410796105861664	-0.6129788011312485
463	0.07189919054508209	-0.5410796105861664	-0.6129788011312485
464	0.07189919054508209	-0.5410796105861664	-0.6129788011312485
465	0.07189919054508209	-0.5410796105861664	-0.6129788011312485
466	0.07189919054508209	-0.5410796105861664	-0.6129788011312485
467	0.07189919054508209	-0.5410796105861664	-0.6129788011312485
468	0.07189919054508209	-0.5410796105861664	-0.6129788011312485
469	0.07189919054508209	-0.5410796105861664	-0.6129788011312485
470	0.07189919054508209	-0.5410796105861664	-0.6129788011312485
471	0.07189919054508209	-0.5410796105861664	-0.6129788011312485
472	0.07189919054508209	-0.5410796105861664	-0.6129788011312485
473	0.07189919054508209	-0.5410796105861664	-0.6129788011312485
474	0.07189919054508209	-0.5410796105861664	-0.6129788011312485
475	0.07189919054508209	-0.5410796105861664	-0.6129788011312485
476	0.07189919054508209	-0.5410796105861664	-0.6129788011312485
477	0.07189919054508209	-0.5410796105861664	-0.6129788011312485
478	0.07189919054508209	-0.5410796105861664	-0.6129788011312485
479	0.07189919054508209	-0.5410796105861664	-0.6129788011312485
480	0.07189919054508209	-0.5410796105861664	-0.6129788011312485
481	0.07189919054508209	-0.5410796105861664	-0.6129788011312485
482	0.07189919054508209	-0.5410796105861664	-0.6129788011312485
483	0.07189919054508209	-0.5410796105861664	-0.6129788011312485
484	0.07189919054508209	-0.5410796105861664	-0.6129788011312485
485	0.07189919054508209	-0.5410796105861664	-0.6129788011312485
486	0.07189919054508209	-0.5410796105861664	-0.6129788011312485
487	0.07189039885997772	-0.5410971939563751	-0.6129875928163528
488	0.07189034670591354	-0.5410972982645035	-0.612987644970417
489	0.07189034670591354	-0.5410972982645035	-0.612987644970417
490	0.07189034670591354	-0.5410972982645035	-0.612987644970417
491	0.07189034670591354	-0.5410972982645035	-0.612987644970417
492	0.07189034670591354	-0.5410972982645035	-0.612987644970417
493	0.07189034670591354	-0.5410972982645035	-0.612987644970417
494	0.07189034670591354	-0.5410972982645035	-0.612987644970417
495	0.07189034670591354	-0.5410972982645035	-0.612987644970417
496	0.07189034670591354	-0.5410972982645035	-0.612987644970417
497	0.07189034670591354	-0.5410972982645035	-0.612987644970417
498	0.07189034670591354	-0.5410972982645035	-0.612987644970417
499	0.07189034670591354	-0.5410972982645035	-0.612987644970417
500	0.07189034670591354	-0.5410972982645035	-0.612987644970417
501	0.07189034670591354	-0.5410972982645035	-0.612987644970417
502	0.07189034670591354	-0.5410972982645035	-0.612987644970417
503	0.07189034670591354	-0.5410972982645035	-0.612987644970417
504	0.07189034670591354	-0.5410972982645035	-0.612987644970417
505	0.07189034670591354	-0.5410972982645035	-0.612987644970417
506	0.07189034670591354	-0.5410972982645035	-0.612987644970417
507	0.07189034670591354	-0.5410972982645035	-0.612987644970417
508	0.07189034670591354	-0.5410972982645035	-0.612987644970417
509	0.07189034670591354	-0.5410972982645035	-0.612987644970417
510	0.07189034670591354	-0.5410972982645035	-0.612987644970417
511	0.07189034670591354	-0.5410972982645035	-0.612987644970417
512	0.07189034670591354	-0.5410972982645035	-0.612987644970417
513	0.07189034670591354	-0.5410972982645035	-0.612987644970417
514	0.07189034670591354	-0.5410972982645035	-0.612987644970417
515	0.07189034670591354	-0.5410972982645035	-0.612987644970417
516	0.07189034670591354	-0.5410972982645035	-0.612987644970417
517	0.07189034670591354	-0.5410972982645035	-0.612987644970417
518	0.07189034670591354	-0.5410972982645035	-0.612987644970417
519	0.07189034670591354	-0.5410972982645035	-0.612987644970417
520	0.07189034670591354	-0.5410972982645035	-0.612987644970417
521	0.07189034670591354	-0.5410972982645035	-0.612987644970417
522	0.07189034670591354	-0.5410972982645035	-0.612987644970417
523	0.07189034670591354	-0.5410972982645035	-0.612987644970417
524	0.07189034670591354	-0.5410972982645035	-0.612987644970417
525	0.07189034670591354	-0.5410972982645035	-0.612987644970417
526	0.07189034670591354	-0.5410972982645035	-0.612987644970417
527	0.07189034670591354	-0.5410972982645035	-0.612987644970417
528	0.07189034670591354	-0.5410972982645035	-0.612987644970417
529	0.07189034670591354	-0.5410972982645035	-0.612987644970417
530	0.07189034670591354	-0.5410972982645035	-0.612987644970417
531	0.07189034670591354	-0.5410972982645035	-0.612987644970417
532	0.07189034670591354	-0.5410972982645035	-0.612987644970417
533	0.07189034670591354	-0.5410972982645035	-0.612987644970417
534	0.07189034670591354	-0.5410972982645035	-0.612987644970417
535	0.07189034670591354	-0.5410972982645035	-0.612987644970417
536	0.07189034670591354	-0.5410972982645035	-0.612987644970417
537	0.07189034670591354	-0.5410972982645035	-0.612987644970417
538	0.07189034670591354	-0.5410972982645035	-0.612987644970417
539	0.07189034670591354	-0.5410972982645035	-0.612987644970417
540	0.07189034670591354	-0.5410972982645035	-0.612987644970417
541	0.07189034670591354	-0.5410972982645035	-0.612987644970417
542	0.07189034670591354	-0.5410972982645035	-0.612987644970417
543	0.07189034670591354	-0.5410972982645035	-0.612987644970417
544	0.07189034670591354	-0.5410972982645035	-0.612987644970417
545	0.07189034670591354	-0.5410972982645035	-0.612987644970417
546	0.07189034670591354	-0.5410972982645035	-0.612987644970417
547	0.07189034670591354	-0.5410972982645035	-0.612987644970417
548	0.07189034670591354	-0.5410972982645035	-0.612987644970417
549	0.07189034670591354	-0.5410972982645035	-0.612987644970417
550	0.07189034670591354	-0.5410972982645035	-0.612987644970417
551	0.07189034670591354	-0.5410972982645035	-0.612987644970417
552	0.07189034670591354	-0.5410972982645035	-0.612987644970417
553	0.07189034670591354	-0.5410972982645035	-0.612987644970417
554	0.07189034670591354	-0.5410972982645035	-0.612987644970417
555	0.07189034670591354	-0.5410972982645035	-0.612987644970417
556	0.07189034670591354	-0.5410972982645035	-0.612987644970417
557	0.07189034670591354	-0.5410972982645035	-0.612987644970417
558	0.07189034670591354	-0.5410972982645035	-0.612987644970417
559	0.07189034670591354	-0.5410972982645035	-0.612987644970417
560	0.07189034670591354	-0.5410972982645035	-0.612987644970417
561	0.07189034670591354	-0.5410972982645035	-0.612987644970417
562	0.07189034670591354	-0.5410972982645035	-0.612987644970417
563	0.07189034670591354	-0.5410972982645035	-0.612987644970417
564	0.07189034670591354	-0.5410972982645035	-0.612987644970417
565	0.07189034670591354	-0.5410972982645035	-0.612987644970417
566	0.07189034670591354	-0.5410972982645035	-0.612987644970417
567	0.07189034670591354	-0.5410972982645035	-0.612987644970417
568	0.07189034670591354	-0.5410972982645035	-0.612987644970417
569	0.07189034670591354	-0.5410972982645035	-0.612987644970417
570	0.07189034670591354	-0.5410972982645035	-0.612987644970417
571	0.07189034670591354	-0.5410972982645035	-0.612987644970417
572	0.07189034670591354	-0.5410972982645035	-0.612987644970417
573	0.07189034670591354	-0.5410972982645035	-0.612987644970417
574	0.07189034670591354	-0.5410972982645035	-0.612987644970417
575	0.07189034670591354	-0.5410972982645035	-0.612987644970417
576	0.07189034670591354	-0.5410972982645035	-0.612987644970417
577	0.07189034670591354	-0.5410972982645035	-0.612987644970417
578	0.07189034670591354	-0.5410972982645035	-0.612987644970417
579	0.07189034670591354	-0.5410972982645035	-0.612987644970417
580	0.07189034670591354	-0.5410972982645035	-0.612987644970417
581	0.07189034670591354	-0.5410972982645035	-0.612987644970417
582	0.07189034670591354	-0.5410972982645035	-0.612987644970417
583	0.07189034670591354	-0.5410972982645035	-0.612987644970417
584	0.07189034670591354	-0.5410972982645035	-0.612987644970417
585	0.07189034670591354	-0.5410972982645035	-0.612987644970417
586	0.07189034670591354	-0.5410972982645035	-0.612987644970417
587	0.07189034670591354	-0.5410972982645035	-0.612987644970417
588	0.07189034670591354	-0.5410972982645035	-0.612987644970417
589	0.07189034670591354	-0.5410972982645035	-0.612987644970417
590	0.07189034670591354	-0.5410972982645035	-0.612987644970417
591	0.07189034670591354	-0.5410972982645035	-0.612987644970417
592	0.07189034670591354	-0.5410972982645035	-0.612987644970417
593	0.07189034670591354	-0.5410972982645035	-0.612987644970417
594	0.07189034670591354	-0.5410972982645035	-0.612987644970417
595	0.07189034670591354	-0.5410972982645035	-0.612987644970417
596	0.07189034670591354	-0.5410972982645035	-0.612987644970417
597	0.07189034670591354	-0.5410972982645035	-0.612987644970417
598	0.07189034670591354	-0.5410972982645035	-0.612987644970417
599	0.07189034670591354	-0.5410972982645035	-0.612987644970417
600	0.07189034670591354	-0.5410972982645035	-0.612987644970417
601	0.07189034670591354	-0.5410972982645035	-0.612987644970417
602	0.07189034670591354	-0.5410972982645035	-0.612987644970417
603	0.07189034670591354	-0.5410972982645035	-0.612987644970417
604	0.07189034670591354	-0.5410972982645035	-0.612987644970417
605	0.07189034670591354	-0.5410972982645035	-0.612987644970417
606	0.07189034670591354	-0.5410972982645035	-0.612987644970417
607	0.07189034670591354	-0.5410972982645035	-0.612987644970417
608	0.07189034670591354	-0.5410972982645035	-0.612987644970417
609	0.07189034670591354	-0.5410972982645035	-0.612987644970417
610	0.07189034670591354	-0.5410972982645035	-0.612987644970417
611	0.07189034670591354	-0.5410972982645035	-0.612987644970417
612	0.07189034670591354	-0.5410972982645035	-0.612987644970417
613	0.07189034670591354	-0.5410972982645035	-0.612987644970417
614	0.07189034670591354	-0.5410972982645035	-0.612987644970417
615	0.07189034670591354	-0.5410972982645035	-0.612987644970417
616	0.07189034670591354	-0.5410972982645035	-0.612987644970417
617	0.07189034670591354	-0.5410972982645035	-0.612987644970417
618	0.07189034670591354	-0.5410972982645035	-0.612987644970417
619	0.07189034670591354	-0.5410972982645035	-0.612987644970417
620	0.07189034670591354	-0.5410972982645035	-0.612987644970417
621	0.07189034670591354	-0.5410972982645035	-0.612987644970417
622	0.07189034670591354	-0.5410972982645035	-0.612987644970417
623	0.07189034670591354	-0.5410972982645035	-0.612987644970417
624	0.07189034670591354	-0.5410972982645035	-0.612987644970417
625	0.07189034670591354	-0.5410972982645035	-0.612987644970417
626	0.07189034670591354	-0.5410972982645035	-0.612987644970417
627	0.07189034670591354	-0.5410972982645035	-0.612987644970417
628	0.07189034670591354	-0.5410972982645035	-0.612987644970417
629	0.07189034670591354	-0.5410972982645035	-0.612987644970417
630	0.07189034670591354	-0.5410972982645035	-0.612987644970417
631	0.07189034670591354	-0.5410972982645035	-0.612987644970417
632	0.07189034670591354	-0.5410972982645035	-0.612987644970417
633	0.07189034670591354	-0.5410972982645035	-0.612987644970417
634	0.07189034670591354	-0.5410972982645035	-0.612987644970417
635	0.07189034670591354	-0.5410972982645035	-0.612987644970417
636	0.07189034670591354	-0.5410972982645035	-0.612987644970417
637	0.07189034670591354	-0.5410972982645035	-0.612987644970417
638	0.07189034670591354	-0.5410972982645035	-0.612987644970417
639	0.07189034670591354	-0.5410972982645035	-0.612987644970417
640	0.07189034670591354	-0.5410972982645035	-0.612987644970417
641	0.07189034670591354	-0.5410972982645035	-0.612987644970417
642	0.07189034670591354	-0.5410972982645035	-0.612987644970417
643	0.07189034670591354	-0.5410972982645035	-0.612987644970417
644	0.07189034670591354	-0.5410972982645035	-0.612987644970417
645	0.07189034670591354	-0.5410972982645035	-0.612987644970417
646	0.07189034670591354	-0.5410972982645035	-0.612987644970417
647	0.07189034670591354	-0.5410972982645035	-0.612987644970417
648	0.07189034670591354	-0.5410972982645035	-0.612987644970417
649	0.07189034670591354	-0.5410972982645035	-0.612987644970417
650	0.07189034670591354	-0.5410972982645035	-0.612987644970417
651	0.07189034670591354	-0.5410972982645035	-0.612987644970417
652	0.07189034670591354	-0.5410972982645035	-0.612987644970417
653	0.07189034670591354	-0.5410972982645035	-0.612987644970417
654	0.07189034670591354	-0.5410972982645035	-0.612987644970417
655	0.07189034670591354	-0.5410972982645035	-0.612987644970417
656	0.07189034670591354	-0.5410972982645035	-0.612987644970417
657	0.07189034670591354	-0.5410972982645035	-0.612987644970417
658	0.07189034670591354	-0.5410972982645035	-0.612987644970417
659	0.07189034670591354	-0.5410972982645035	-0.612987644970417
660	0.07189034670591354	-0.5410972982645035	-0.612987644970417
661	0.07189034670591354	-0.5410972982645035	-0.612987644970417
662	0.07189034670591354	-0.5410972982645035	-0.612987644970417
663	0.07189034670591354	-0.5410972982645035	-0.612987644970417
664	0.07189034670591354	-0.5410972982645035	-0.612987644970417
665	0.07189034670591354	-0.5410972982645035	-0.612987644970417
666	0.07189034670591354	-0.5410972982645035	-0.612987644970417
667	0.07189034670591354	-0.5410972982645035	-0.612987644970417
668	0.07189034670591354	-0.5410972982645035	-0.612987644970417
669	0.07189034670591354	-0.5410972982645035	-0.612987644970417
670	0.07189034670591354	-0.5410972982645035	-0.612987644970417
671	0.07189034670591354	-0.5410972982645035	-0.612987644970417
672	0.07189034670591354	-0.5410972982645035	-0.612987644970417
673	0.07189034670591354	-0.5410972982645035	-0.612987644970417
674	0.07189034670591354	-0.5410972982645035	-0.612987644970417
675	0.07189034670591354	-0.5410972982645035	-0.612987644970417
676	0.07189034670591354	-0.5410972982645035	-0.612987644970417
677	0.07189034670591354	-0.5410972982645035	-0.612987644970417
678	0.07189034670591354	-0.5410972982645035	-0.612987644970417
679	0.07189034670591354	-0.5410972982645035	-0.612987644970417
680	0.07189034670591354	-0.5410972982645035	-0.612987644970417
681	0.07189034670591354	-0.5410972982645035	-0.612987644970417
682	0.07189034670591354	-0.5410972982645035	-0.612987644970417
683	0.07189034670591354	-0.5410972982645035	-0.612987644970417
684	0.07189034670591354	-0.5410972982645035	-0.612987644970417
685	0.07189034670591354	-0.5410972982645035	-0.612987644970417
686	0.07189034670591354	-0.5410972982645035	-0.612987644970417
687	0.07189034670591354	-0.5410972982645035	-0.612987644970417
688	0.07189034670591354	-0.5410972982645035	-0.612987644970417
689	0.07189034670591354	-0.5410972982645035	-0.612987644970417
690	0.07189034670591354	-0.5410972982645035	-0.612987644970417
691	0.07189034670591354	-0.5410972982645035	-0.612987644970417
692	0.07189034670591354	-0.5410972982645035	-0.612987644970417
693	0.07189034670591354	-0.5410972982645035	-0.612987644970417
694	0.07189034670591354	-0.5410972982645035	-0.612987644970417
695	0.07189034670591354	-0.5410972982645035	-0.612987644970417
696	0.07189034670591354	-0.5410972982645035	-0.612987644970417
697	0.07189034670591354	-0.5410972982645035	-0.612987644970417
698	0.07189034670591354	-0.5410972982645035	-0.612987644970417
699	0.07189034670591354	-0.5410972982645035	-0.612987644970417
700	0.07189034670591354	-0.5410972982645035	-0.612987644970417
701	0.07189034670591354	-0.5410972982645035	-0.612987644970417
702	0.07189034670591354	-0.5410972982645035	-0.612987644970417
703	0.07189034670591354	-0.5410972982645035	-0.612987644970417
704	0.07189034670591354	-0.5410972982645035	-0.612987644970417
705	0.07189034670591354	-0.5410972982645035	-0.612987644970417
706	0.07189034670591354	-0.5410972982645035	-0.612987644970417
707	0.07189034670591354	-0.5410972982645035	-0.612987644970417
708	0.07189034670591354	-0.5410972982645035	-0.612987644970417
709	0.07189034670591354	-0.5410972982645035	-0.612987644970417
710	0.07189034670591354	-0.5410972982645035	-0.612987644970417
711	0.07189034670591354	-0.5410972982645035	-0.612987644970417
712	0.07189034670591354	-0.5410972982645035	-0.612987644970417
713	0.07189034670591354	-0.5410972982645035	-0.612987644970417
714	0.07189034670591354	-0.5410972982645035	-0.612987644970417
715	0.07189034670591354	-0.5410972982645035	-0.612987644970417
716	0.07189034670591354	-0.5410972982645035	-0.612987644970417
717	0.07189034670591354	-0.5410972982645035	-0.612987644970417
718	0.07189034670591354	-0.5410972982645035	-0.612987644970417
719	0.07189034670591354	-0.5410972982645035	-0.612987644970417
720	0.07189034670591354	-0.5410972982645035	-0.612987644970417
721	0.07189034670591354	-0.5410972982645035	-0.612987644970417
722	0.07189034670591354	-0.5410972982645035	-0.612987644970417
723	0.07189034670591354	-0.5410972982645035	-0.612987644970417
724	0.07189034670591354	-0.5410972982645035	-0.612987644970417
725	0.07189034670591354	-0.5410972982645035	-0.612987644970417
726	0.07189034670591354	-0.5410972982645035	-0.612987644970417
727	0.07189034670591354	-0.5410972982645035	-0.612987644970417
728	0.07189034670591354	-0.5410972982645035	-0.612987644970417
729	0.07189034670591354	-0.5410972982645035	-0.612987644970417
730	0.07189034670591354	-0.5410972982645035	-0.612987644970417
731	0.07189034670591354	-0.5410972982645035	-0.612987644970417
732	0.07189034670591354	-0.5410972982645035	-0.612987644970417
733	0.07189034670591354	-0.5410972982645035	-0.612987644970417
734	0.07189034670591354	-0.5410972982645035	-0.612987644970417
735	0.07189034670591354	-0.5410972982645035	-0.612987644970417
736	0.07189034670591354	-0.5410972982645035	-0.612987644970417
737	0.07189034670591354	-0.5410972982645035	-0.612987644970417
738	0.07189034670591354	-0.5410972982645035	-0.612987644970417
739	0.07189034670591354	-0.5410972982645035	-0.612987644970417
740	0.07189034670591354	-0.5410972982645035	-0.612987644970417
741	0.07189034670591354	-0.5410972982645035	-0.612987644970417
742	0.07189034670591354	-0.5410972982645035	-0.612987644970417
743	0.07189034670591354	-0.5410972982645035	-0.612987644970417
744	0.07189034670591354	-0.5410972982645035	-0.612987644970417
745	0.07189034670591354	-0.5410972982645035	-0.612987644970417
746	0.07189034670591354	-0.5410972982645035	-0.612987644970417
747	0.07189034670591354	-0.5410972982645035	-0.612987644970417
748	0.07189034670591354	-0.5410972982645035	-0.612987644970417
749	0.07189034670591354	-0.5410972982645035	-0.612987644970417
750	0.07189034670591354	-0.5410972982645035	-0.612987644970417
751	0.07189034670591354	-0.5410972982645035	-0.612987644970417
752	0.07189034670591354	-0.5410972982645035	-0.612987644970417
753	0.07189034670591354	-0.5410972982645035	-0.612987644970417
754	0.07189034670591354	-0.5410972982645035	-0.612987644970417
755	0.07189034670591354	-0.5410972982645035	-0.612987644970417
756	0.07189034670591354	-0.5410972982645035	-0.612987644970417
757	0.07189034670591354	-0.5410972982645035	-0.612987644970417
758	0.07189034670591354	-0.5410972982645035	-0.612987644970417
759	0.07189034670591354	-0.5410972982645035	-0.612987644970417
760	0.07189034670591354	-0.5410972982645035	-0.612987644970417
761	0.07189034670591354	-0.5410972982645035	-0.612987644970417
762	0.07189034670591354	-0.5410972982645035	-0.612987644970417
763	0.07189034670591354	-0.5410972982645035	-0.612987644970417
764	0.07189034670591354	-0.5410972982645035	-0.612987644970417
765	0.07189034670591354	-0.5410972982645035	-0.612987644970417
766	0.07189034670591354	-0.5410972982645035	-0.612987644970417
767	0.07189034670591354	-0.5410972982645035	-0.612987644970417
768	0.07189034670591354	-0.5410972982645035	-0.612987644970417
769	0.07189034670591354	-0.5410972982645035	-0.612987644970417
770	0.07189034670591354	-0.5410972982645035	-0.612987644970417
771	0.07189034670591354	-0.5410972982645035	-0.612987644970417
772	0.07189034670591354	-0.5410972982645035	-0.612987644970417
773	0.07189034670591354	-0.5410972982645035	-0.612987644970417
774	0.07189034670591354	-0.5410972982645035	-0.612987644970417
775	0.07189034670591354	-0.5410972982645035	-0.612987644970417
776	0.07189034670591354	-0.5410972982645035	-0.612987644970417
777	0.07189034670591354	-0.5410972982645035	-0.612987644970417
778	0.07189034670591354	-0.5410972982645035	-0.612987644970417
779	0.07189034670591354	-0.5410972982645035	-0.612987644970417
780	0.07189034670591354	-0.5410972982645035	-0.612987644970417
781	0.07189034670591354	-0.5410972982645035	-0.612987644970417
782	0.07189034670591354	-0.5410972982645035	-0.612987644970417
783	0.07189034670591354	-0.5410972982645035	-0.612987644970417
784	0.07189034670591354	-0.5410972982645035	-0.612987644970417
785	0.07189034670591354	-0.5410972982645035	-0.612987644970417
786	0.07189034670591354	-0.5410972982645035	-0.612987644970417
787	0.07189034670591354	-0.5410972982645035	-0.612987644970417
788	0.07189034670591354	-0.5410972982645035	-0.612987644970417
789	0.07189034670591354	-0.5410972982645035	-0.612987644970417
790	0.07189034670591354	-0.5410972982645035	-0.612987644970417
791	0.07189034670591354	-0.5410972982645035	-0.612987644970417
792	0.07189034670591354	-0.5410972982645035	-0.612987644970417
793	0.07189034670591354	-0.5410972982645035	-0.612987644970417
794	0.07189034670591354	-0.5410972982645035	-0.612987644970417
795	0.07189034670591354	-0.5410972982645035	-0.612987644970417
796	0.07189034670591354	-0.5410972982645035	-0.612987644970417
797	0.07189034670591354	-0.5410972982645035	-0.612987644970417
798	0.07189034670591354	-0.5410972982645035	-0.612987644970417
799	0.07189034670591354	-0.5410972982645035	-0.612987644970417
800	0.07189034670591354	-0.5410972982645035	-0.612987644970417
801	0.07189034670591354	-0.5410972982645035	-0.612987644970417
802	0.07189034670591354	-0.5410972982645035	-0.612987644970417
803	0.07189034670591354	-0.5410972982645035	-0.612987644970417
804	0.07189034670591354	-0.5410972982645035	-0.612987644970417
805	0.07189034670591354	-0.5410972982645035	-0.612987644970417
806	0.07189034670591354	-0.5410972982645035	-0.612987644970417
807	0.07189034670591354	-0.5410972982645035	-0.612987644970417
808	0.07189034670591354	-0.5410972982645035	-0.612987644970417
809	0.07189034670591354	-0.5410972982645035	-0.612987644970417
810	0.07189034670591354	-0.5410972982645035	-0.612987644970417
811	0.07189034670591354	-0.5410972982645035	-0.612987644970417
812	0.07189034670591354	-0.5410972982645035	-0.612987644970417
813	0.07189034670591354	-0.5410972982645035	-0.612987644970417
814	0.07189034670591354	-0.5410972982645035	-0.612987644970417
815	0.07189034670591354	-0.5410972982645035	-0.612987644970417
816	0.07189034670591354	-0.5410972982645035	-0.612987644970417
817	0.07189034670591354	-0.5410972982645035	-0.612987644970417
818	0.07189034670591354	-0.5410972982645035	-0.612987644970417
819	0.07189034670591354	-0.5410972982645035	-0.612987644970417
820	0.07189034670591354	-0.5410972982645035	-0.612987644970417
821	0.07189034670591354	-0.5410972982645035	-0.612987644970417
822	0.07189034670591354	-0.5410972982645035	-0.612987644970417
823	0.07189034670591354	-0.5410972982645035	-0.612987644970417
824	0.07189034670591354	-0.5410972982645035	-0.612987644970417
825	0.07189034670591354	-0.5410972982645035	-0.612987644970417
826	0.07189034670591354	-0.5410972982645035	-0.612987644970417
827	0.07189034670591354	-0.5410972982645035	-0.612987644970417
828	0.07189034670591354	-0.5410972982645035	-0.612987644970417
829	0.07189034670591354	-0.5410972982645035	-0.612987644970417
830	0.07189034670591354	-0.5410972982645035	-0.612987644970417
831	0.07189034670591354	-0.5410972982645035	-0.612987644970417
832	0.07189034670591354	-0.5410972982645035	-0.612987644970417
833	0.07189034670591354	-0.5410972982645035	-0.612987644970417
834	0.07189034670591354	-0.5410972982645035	-0.612987644970417
835	0.07189034670591354	-0.5410972982645035	-0.612987644970417
836	0.07189034670591354	-0.5410972982645035	-0.612987644970417
837	0.07189034670591354	-0.5410972982645035	-0.612987644970417
838	0.07189034670591354	-0.5410972982645035	-0.612987644970417
839	0.07189034670591354	-0.5410972982645035	-0.612987644970417
840	0.07189034670591354	-0.5410972982645035	-0.612987644970417
841	0.07189034670591354	-0.5410972982645035	-0.612987644970417
842	0.07189034670591354	-0.5410972982645035	-0.612987644970417
843	0.07189034670591354	-0.5410972982645035	-0.612987644970417
844	0.07189034670591354	-0.5410972982645035	-0.612987644970417
845	0.07189034670591354	-0.5410972982645035	-0.612987644970417
846	0.07189034670591354	-0.5410972982645035	-0.612987644970417
847	0.07189034670591354	-0.5410972982645035	-0.612987644970417
848	0.07189034670591354	-0.5410972982645035	-0.612987644970417
849	0.07189034670591354	-0.5410972982645035	-0.612987644970417
850	0.07189034670591354	-0.5410972982645035	-0.612987644970417
851	0.07189034670591354	-0.5410972982645035	-0.612987644970417
852	0.07189034670591354	-0.5410972982645035	-0.612987644970417
853	0.07189034670591354	-0.5410972982645035	-0.612987644970417
854	0.07189034670591354	-0.5410972982645035	-0.612987644970417
855	0.07189034670591354	-0.5410972982645035	-0.612987644970417
856	0.07189034670591354	-0.5410972982645035	-0.612987644970417
857	0.07189034670591354	-0.5410972982645035	-0.612987644970417
858	0.07189034670591354	-0.5410972982645035	-0.612987644970417
859	0.07189034670591354	-0.5410972982645035	-0.612987644970417
860	0.07189034670591354	-0.5410972982645035	-0.612987644970417
861	0.07189034670591354	-0.5410972982645035	-0.612987644970417
862	0.07189034670591354	-0.5410972982645035	-0.612987644970417
863	0.07189034670591354	-0.5410972982645035	-0.612987644970417
864	0.07189034670591354	-0.5410972982645035	-0.612987644970417
865	0.07189034670591354	-0.5410972982645035	-0.612987644970417
866	0.07189034670591354	-0.5410972982645035	-0.612987644970417
867	0.07189034670591354	-0.5410972982645035	-0.612987644970417
868	0.07189034670591354	-0.5410972982645035	-0.612987644970417
869	0.07189034670591354	-0.5410972982645035	-0.612987644970417
870	0.07189034670591354	-0.5410972982645035	-0.612987644970417
871	0.07189034670591354	-0.5410972982645035	-0.612987644970417
872	0.07189034670591354	-0.5410972982645035	-0.612987644970417
873	0.07189034670591354	-0.5410972982645035	-0.612987644970417
874	0.07189034670591354	-0.5410972982645035	-0.612987644970417
875	0.07189034670591354	-0.5410972982645035	-0.612987644970417
876	0.07189034670591354	-0.5410972982645035	-0.612987644970417
877	0.07189034670591354	-0.5410972982645035	-0.612987644970417
878	0.07189034670591354	-0.5410972982645035	-0.612987644970417
879	0.07189034670591354	-0.5410972982645035	-0.612987644970417
880	0.07189034670591354	-0.5410972982645035	-0.612987644970417
881	0.07189034670591354	-0.5410972982645035	-0.612987644970417
882	0.07189034670591354	-0.5410972982645035	-0.612987644970417
883	0.07189034670591354	-0.5410972982645035	-0.612987644970417
884	0.07189034670591354	-0.5410972982645035	-0.612987644970417
885	0.07189034670591354	-0.5410972982645035	-0.612987644970417
886	0.07189034670591354	-0.5410972982645035	-0.612987644970417
887	0.07189034670591354	-0.5410972982645035	-0.612987644970417
888	0.07189034670591354	-0.5410972982645035	-0.612987644970417
889	0.07189034670591354	-0.5410972982645035	-0.612987644970417
890	0.07189034670591354	-0.5410972982645035	-0.612987644970417
891	0.07189034670591354	-0.5410972982645035	-0.612987644970417
892	0.07189034670591354	-0.5410972982645035	-0.612987644970417
893	0.07189034670591354	-0.5410972982645035	-0.612987644970417
894	0.07189034670591354	-0.5410972982645035	-0.612987644970417
895	0.07189034670591354	-0.5410972982645035	-0.612987644970417
896	0.07189034670591354	-0.5410972982645035	-0.612987644970417
897	0.07189034670591354	-0.5410972982645035	-0.612987644970417
898	0.07189034670591354	-0.5410972982645035	-0.612987644970417
899	0.07189034670591354	-0.5410972982645035	-0.612987644970417
900	0.07189034670591354	-0.5410972982645035	-0.612987644970417
901	0.07189034670591354	-0.5410972982645035	-0.612987644970417
902	0.07189034670591354	-0.5410972982645035	-0.612987644970417
903	0.07189034670591354	-0.5410972982645035	-0.612987644970417
904	0.07189034670591354	-0.5410972982645035	-0.612987644970417
905	0.07189034670591354	-0.5410972982645035	-0.612987644970417
906	0.07189034670591354	-0.5410972982645035	-0.612987644970417
907	0.07189034670591354	-0.5410972982645035	-0.612987644970417
908	0.07189034670591354	-0.5410972982645035	-0.612987644970417
909	0.07189034670591354	-0.5410972982645035	-0.612987644970417
910	0.07189034670591354	-0.5410972982645035	-0.612987644970417
911	0.07189034670591354	-0.5410972982645035	-0.612987644970417
912	0.07189034670591354	-0.5410972982645035	-0.612987644970417
913	0.07189034670591354	-0.5410972982645035	-0.612987644970417
914	0.07189034670591354	-0.5410972982645035	-0.612987644970417
915	0.07189034670591354	-0.5410972982645035	-0.612987644970417
916	0.07189034670591354	-0.5410972982645035	-0.612987644970417
917	0.07189034670591354	-0.5410972982645035	-0.612987644970417
918	0.07189034670591354	-0.5410972982645035	-0.612987644970417
919	0.07189034670591354	-0.5410972982645035	-0.612987644970417
920	0.07189034670591354	-0.5410972982645035	-0.612987644970417
921	0.07189034670591354	-0.5410972982645035	-0.612987644970417
922	0.07189034670591354	-0.5410972982645035	-0.612987644970417
923	0.07189034670591354	-0.5410972982645035	-0.612987644970417
924	0.07189034670591354	-0.5410972982645035	-0.612987644970417
925	0.07189034670591354	-0.5410972982645035	-0.612987644970417
926	0.07189034670591354	-0.5410972982645035	-0.612987644970417
927	0.07189034670591354	-0.5410972982645035	-0.612987644970417
928	0.07189034670591354	-0.5410972982645035	-0.612987644970417
929	0.07189034670591354	-0.5410972982645035	-0.612987644970417
930	0.07189034670591354	-0.5410972982645035	-0.612987644970417
931	0.07189034670591354	-0.5410972982645035	-0.612987644970417
932	0.07189034670591354	-0.5410972982645035	-0.612987644970417
933	0.07189034670591354	-0.5410972982645035	-0.612987644970417
934	0.07189034670591354	-0.5410972982645035	-0.612987644970417
935	0.07189034670591354	-0.5410972982645035	-0.612987644970417
936	0.07189034670591354	-0.5410972982645035	-0.612987644970417
937	0.07189034670591354	-0.5410972982645035	-0.612987644970417
938	0.07189034670591354	-0.5410972982645035	-0.612987644970417
939	0.07189034670591354	-0.5410972982645035	-0.612987644970417
940	0.07189034670591354	-0.5410972982645035	-0.612987644970417
941	0.07189034670591354	-0.5410972982645035	-0.612987644970417
942	0.07189034670591354	-0.5410972982645035	-0.612987644970417
943	0.07189034670591354	-0.5410972982645035	-0.612987644970417
944	0.07189034670591354	-0.5410972982645035	-0.612987644970417
945	0.07189034670591354	-0.5410972982645035	-0.612987644970417
946	0.07189034670591354	-0.5410972982645035	-0.612987644970417
947	0.07189034670591354	-0.5410972982645035	-0.612987644970417
948	0.07189034670591354	-0.5410972982645035	-0.612987644970417
949	0.07189034670591354	-0.5410972982645035	-0.612987644970417
950	0.07189034670591354	-0.5410972982645035	-0.612987644970417
951	0.07189034670591354	-0.5410972982645035	-0.612987644970417
952	0.07189034670591354	-0.5410972982645035	-0.612987644970417
953	0.07189034670591354	-0.5410972982645035	-0.612987644970417
954	0.07189034670591354	-0.5410972982645035	-0.612987644970417
955	0.07189034670591354	-0.5410972982645035	-0.612987644970417
956	0.07189034670591354	-0.5410972982645035	-0.612987644970417
957	0.07189034670591354	-0.5410972982645035	-0.612987644970417
958	0.07189034670591354	-0.5410972982645035	-0.612987644970417
959	0.07189034670591354	-0.5410972982645035	-0.612987644970417
960	0.07189034670591354	-0.5410972982645035	-0.612987644970417
961	0.07189034670591354	-0.5410972982645035	-0.612987644970417
962	0.07189034670591354	-0.5410972982645035	-0.612987644970417
963	0.07189034670591354	-0.5410972982645035	-0.612987644970417
964	0.07189034670591354	-0.5410972982645035	-0.612987644970417
965	0.07189034670591354	-0.5410972982645035	-0.612987644970417
966	0.07189034670591354	-0.5410972982645035	-0.612987644970417
967	0.07189034670591354	-0.5410972982645035	-0.612987644970417
968	0.07189034670591354	-0.5410972982645035	-0.612987644970417
969	0.07189034670591354	-0.5410972982645035	-0.612987644970417
970	0.07189034670591354	-0.5410972982645035	-0.612987644970417
971	0.07189034670591354	-0.5410972982645035	-0.612987644970417
972	0.07189034670591354	-0.5410972982645035	-0.612987644970417
973	0.07189034670591354	-0.5410972982645035	-0.612987644970417
974	0.07189034670591354	-0.5410972982645035	-0.612987644970417
975	0.07189034670591354	-0.5410972982645035	-0.612987644970417
976	0.07189034670591354	-0.5410972982645035	-0.612987644970417
977	0.07189034670591354	-0.5410972982645035	-0.612987644970417
978	0.07189034670591354	-0.5410972982645035	-0.612987644970417
979	0.07189034670591354	-0.5410972982645035	-0.612987644970417
980	0.07189034670591354	-0.5410972982645035	-0.612987644970417
981	0.07189034670591354	-0.5410972982645035	-0.612987644970417
982	0.07189034670591354	-0.5410972982645035	-0.612987644970417
983	0.07189034670591354	-0.5410972982645035	-0.612987644970417
984	0.07189034670591354	-0.5410972982645035	-0.612987644970417
985	0.07189034670591354	-0.5410972982645035	-0.612987644970417
986	0.07189034670591354	-0.5410972982645035	-0.612987644970417
987	0.07189034670591354	-0.5410972982645035	-0.612987644970417
988	0.07189034670591354	-0.5410972982645035	-0.612987644970417
989	0.07189034670591354	-0.5410972982645035	-0.612987644970417
990	0.07189034670591354	-0.5410972982645035	-0.612987644970417
991	0.07189034670591354	-0.5410972982645035	-0.612987644970417
992	0.07189034670591354	-0.5410972982645035	-0.612987644970417
993	0.07189034670591354	-0.5410972982645035	-0.612987644970417
994	0.07189034670591354	-0.5410972982645035	-0.612987644970417
995	0.07189034670591354	-0.5410972982645035	-0.612987644970417
996	0.07189034670591354	-0.5410972982645035	-0.612987644970417
997	0.07189034670591354	-0.5410972982645035	-0.612987644970417
998	0.07189034670591354	-0.5410972982645035	-0.612987644970417
999	0.07189034670591354	-0.5410972982645035	-0.612987644970417
1000	0.07189034670591354	-0.5410972982645035	-0.612987644970417

Best Loss: 0.07189034670591354

Training Time (seconds): 248.09392909999997
